public/data/output/wave_data_x1.grib.json
{"header": { "dx": 0.00040000000000001184, "dy": 0.0003999999999999857, "la1": 22.2614, "lo1": 114.19, "la2": 22.1778, "lo2": 114.3044, "nx": 287, "ny": 210, "refTime": "2000-01-01 00:00:00", "parameterUnit": "m.s-1", "parameterCategory": 2, "parameterNumber": 3, "parameterNumberName": "northward" }, "data":
[rows 147 to 167 of 210, columns 235 to 281 of 287]
-0.21490000188350677,-0.2110999971628189,-0.20749999582767487,-0.20399999618530273,-0.20069999992847443,-0.19740000367164612,-0.1941000074148178,-0.19099999964237213,-0.18790000677108765,-0.18490000069141388,-0.1818999946117401,-0.17900000512599945,-0.1761000007390976,-0.17329999804496765,-0.1704999953508377,-0.16779999434947968,-0.16509999334812164,-0.1624000072479248,-0.15970000624656677,-0.15710000693798065,-0.15449999272823334,-0.15189999341964722,-0.1492999941110611,-0.14669999480247498,-0.14409999549388885,-0.14149999618530273,-0.13920000195503235,-0.13670000433921814,-0.13410000503063202,-0.131400004029274,-0.1289999932050705,-0.12620000541210175,-0.12319999933242798,-0.12049999833106995,-0.11720000207424164,-0.1145000010728836,-0.11100000143051147,-0.1080000028014183,-0.10509999841451645,-0.10220000147819519,-0.09922999888658524,-0.09623999893665314,-0.09322000294923782,-0.09018000215291977,-0.08709999918937683,-0.08400999754667282,-0.08088000118732452
-0.21320000290870667,-0.2093999981880188,-0.20579999685287476,-0.20239999890327454,-0.19910000264644623,-0.19589999318122864,-0.19269999861717224,-0.18960000574588776,-0.18649999797344208,-0.1835000067949295,-0.18060000240802765,-0.1777999997138977,-0.17489999532699585,-0.17219999432563782,-0.16940000653266907,-0.16680000722408295,-0.16410000622272491,-0.16140000522136688,-0.15880000591278076,-0.15620000660419464,-0.15360000729560852,-0.1509999930858612,-0.148499995470047,-0.14589999616146088,-0.14329999685287476,-0.14079999923706055,-0.13830000162124634,-0.13600000739097595,-0.13339999318122864,-0.13079999387264252,-0.12839999794960022,-0.1256999969482422,-0.12269999831914902,-0.11999999731779099,-0.11670000106096268,-0.11400000005960464,-0.11050000041723251,-0.10760000348091125,-0.1046999990940094,-0.10170000046491623,-0.09877999871969223,-0.09578999876976013,-0.09277000278234482,-0.08972000330686569,-0.08664999902248383,-0.08354000002145767,-0.08041000366210938
-0.21140000224113464,-0.2076999992132187,-0.20409999787807465,-0.20080000162124634,-0.19750000536441803,-0.19429999589920044,-0.19120000302791595,-0.18809999525547028,-0.1851000040769577,-0.18219999969005585,-0.179299995303154,-0.17649999260902405,-0.1737000048160553,-0.17100000381469727,-0.16830000281333923,-0.1657000035047531,-0.163100004196167,-0.16050000488758087,-0.15790000557899475,-0.15530000627040863,-0.1527000069618225,-0.1501999944448471,-0.1476999968290329,-0.14509999752044678,-0.14259999990463257,-0.14000000059604645,-0.13750000298023224,-0.1354999989271164,-0.13289999961853027,-0.13019999861717224,-0.12759999930858612,-0.12540000677108765,-0.12219999730587006,-0.11949999630451202,-0.11630000174045563,-0.11330000311136246,-0.11020000278949738,-0.10719999670982361,-0.10419999808073044,-0.10130000114440918,-0.0983399972319603,-0.0953499972820282,-0.09232000261545181,-0.08925999701023102,-0.08618000149726868,-0.08307000249624252,-0.07993000000715256
-0.20960000157356262,-0.20589999854564667,-0.20239999890327454,-0.19900000095367432,-0.19580000638961792,-0.19269999861717224,-0.18960000574588776,-0.186599999666214,-0.18369999527931213,-0.18080000579357147,-0.17800000309944153,-0.17520000040531158,-0.17249999940395355,-0.16979999840259552,-0.1671999990940094,-0.16459999978542328,-0.16200000047683716,-0.15940000116825104,-0.15690000355243683,-0.15440000593662262,-0.15189999341964722,-0.149399995803833,-0.1468999981880188,-0.1444000005722046,-0.14190000295639038,-0.13940000534057617,-0.13689999282360077,-0.1347000002861023,-0.13230000436306,-0.12970000505447388,-0.12710000574588776,-0.12489999830722809,-0.12189999967813492,-0.11879999935626984,-0.11599999666213989,-0.11289999634027481,-0.10970000177621841,-0.10679999738931656,-0.10379999876022339,-0.10090000182390213,-0.09790000319480896,-0.09489999711513519,-0.09187000244855881,-0.08879999816417694,-0.08570999652147293,-0.0825899988412857,-0.07943999767303467
-0.20759999752044678,-0.20389999449253082,-0.2004999965429306,-0.1972000002861023,-0.1941000074148178,-0.19099999964237213,-0.18799999356269836,-0.1851000040769577,-0.18219999969005585,-0.1793999969959259,-0.17659999430179596,-0.17389999330043793,-0.1712000072002411,-0.16859999299049377,-0.16599999368190765,-0.16349999606609344,-0.16089999675750732,-0.15839999914169312,-0.1559000015258789,-0.1534000039100647,-0.1509999930858612,-0.148499995470047,-0.1459999978542328,-0.1436000019311905,-0.14110000431537628,-0.13860000669956207,-0.13619999587535858,-0.13379999995231628,-0.13179999589920044,-0.12919999659061432,-0.1265999972820282,-0.12430000305175781,-0.12139999866485596,-0.11840000003576279,-0.11559999734163284,-0.11230000108480453,-0.10939999669790268,-0.1062999963760376,-0.10339999943971634,-0.10050000250339508,-0.09747999906539917,-0.09447000175714493,-0.0914200022816658,-0.08834999799728394,-0.08523000031709671,-0.08209999650716782,-0.0789399966597557
-0.20550000667572021,-0.20200000703334808,-0.19859999418258667,-0.19539999961853027,-0.1923000067472458,-0.18930000066757202,-0.18639999628067017,-0.1835000067949295,-0.18060000240802765,-0.17790000140666962,-0.17520000040531158,-0.17249999940395355,-0.16990000009536743,-0.1673000007867813,-0.1648000031709671,-0.1623000055551529,-0.1597999930381775,-0.1573999971151352,-0.15489999949932098,-0.1525000035762787,-0.1500999927520752,-0.1476999968290329,-0.1451999992132187,-0.1428000032901764,-0.1404000073671341,-0.1379999965429306,-0.1356000006198883,-0.133200004696846,-0.13109999895095825,-0.12860000133514404,-0.12610000371932983,-0.12399999797344208,-0.12099999934434891,-0.11800000071525574,-0.1151999980211258,-0.11190000176429749,-0.10909999907016754,-0.10589999705553055,-0.10300000011920929,-0.10010000318288803,-0.09707000106573105,-0.09404999762773514,-0.09098999947309494,-0.08788999915122986,-0.08476000279188156,-0.08160000294446945,-0.0784199982881546
-0.20350000262260437,-0.20000000298023224,-0.19670000672340393,-0.19349999725818634,-0.19050000607967377,-0.1876000016927719,-0.18469999730587006,-0.1817999929189682,-0.17910000681877136,-0.17640000581741333,-0.1737000048160553,-0.17110000550746918,-0.16859999299049377,-0.16609999537467957,-0.16359999775886536,-0.16110000014305115,-0.15870000422000885,-0.15629999339580536,-0.15389999747276306,-0.15150000154972076,-0.14920000731945038,-0.1467999964952469,-0.1445000022649765,-0.1421000063419342,-0.1396999955177307,-0.13729999959468842,-0.13490000367164612,-0.13249999284744263,-0.13030000030994415,-0.1281999945640564,-0.1256999969482422,-0.12330000102519989,-0.12070000171661377,-0.1177000030875206,-0.11500000208616257,-0.11150000244379044,-0.1088000014424324,-0.10559999942779541,-0.10260000079870224,-0.09968999773263931,-0.09668999910354614,-0.09364999830722809,-0.09055999666452408,-0.08743999898433685,-0.08428999781608582,-0.08110000193119049,-0.07789000123739243
-0.2012999951839447,-0.19789999723434448,-0.19470000267028809,-0.1915999948978424,-0.18860000371932983,-0.1858000010251999,-0.18289999663829803,-0.18019999563694,-0.17749999463558197,-0.17479999363422394,-0.17219999432563782,-0.1696999967098236,-0.1671999990940094,-0.1647000014781952,-0.1623000055551529,-0.1598999947309494,-0.15760000050067902,-0.15520000457763672,-0.15289999544620514,-0.15060000121593475,-0.14830000698566437,-0.1459999978542328,-0.1437000036239624,-0.1412999927997589,-0.13899999856948853,-0.13670000433921814,-0.13429999351501465,-0.13199999928474426,-0.12970000505447388,-0.12800000607967377,-0.12520000338554382,-0.12290000170469284,-0.12049999833106995,-0.11739999800920486,-0.11469999700784683,-0.11129999905824661,-0.10849999636411667,-0.10530000180006027,-0.1023000031709671,-0.09935999661684036,-0.09634000062942505,-0.09326999634504318,-0.09015999734401703,-0.08699999749660492,-0.0838100016117096,-0.08060000091791153,-0.07735999673604965
-0.19920000433921814,-0.19580000638961792,-0.19259999692440033,-0.18960000574588776,-0.1867000013589859,-0.18389999866485596,-0.181099995970726,-0.1784999966621399,-0.17579999566078186,-0.17319999635219574,-0.17069999873638153,-0.16820000112056732,-0.16580000519752502,-0.16339999437332153,-0.16110000014305115,-0.15870000422000885,-0.15639999508857727,-0.1542000025510788,-0.15189999341964722,-0.14959999918937683,-0.14740000665187836,-0.14509999752044678,-0.1429000049829483,-0.14059999585151672,-0.13840000331401825,-0.13609999418258667,-0.13379999995231628,-0.1315000057220459,-0.12919999659061432,-0.1273999959230423,-0.1251000016927719,-0.12250000238418579,-0.12030000239610672,-0.11699999868869781,-0.1143999993801117,-0.11100000143051147,-0.10809999704360962,-0.10499999672174454,-0.10209999978542328,-0.0990699976682663,-0.09601999819278717,-0.09291999787092209,-0.08978000283241272,-0.08658000081777573,-0.08336000144481659,-0.08009999990463257,-0.0768200010061264
-0.19699999690055847,-0.19370000064373016,-0.19059999287128448,-0.1876000016927719,-0.18479999899864197,-0.18199999630451202,-0.179299995303154,-0.17669999599456787,-0.17409999668598175,-0.17159999907016754,-0.16920000314712524,-0.16670000553131104,-0.16439999639987946,-0.16210000216960907,-0.1597999930381775,-0.1574999988079071,-0.15530000627040863,-0.15309999883174896,-0.1509000062942505,-0.14869999885559082,-0.14650000631809235,-0.14429999887943268,-0.1421000063419342,-0.13989999890327454,-0.13770000636577606,-0.1354999989271164,-0.13330000638961792,-0.13099999725818634,-0.12880000472068787,-0.12729999423027039,-0.12489999830722809,-0.12219999730587006,-0.11990000307559967,-0.11680000275373459,-0.11429999768733978,-0.11079999804496765,-0.10790000110864639,-0.10490000247955322,-0.10189999639987946,-0.09883999824523926,-0.09576000273227692,-0.09262000024318695,-0.08941999822854996,-0.08618000149726868,-0.08291000127792358,-0.07959999889135361,-0.07626000046730042
-0.19480000436306,-0.1915999948978424,-0.18850000202655792,-0.18559999763965607,-0.18279999494552612,-0.1800999939441681,-0.17749999463558197,-0.17489999532699585,-0.17239999771118164,-0.17000000178813934,-0.16760000586509705,-0.16519999504089355,-0.16290000081062317,-0.1606999933719635,-0.15850000083446503,-0.15629999339580536,-0.15410000085830688,-0.15199999511241913,-0.14980000257492065,-0.1476999968290329,-0.14560000598430634,-0.14350000023841858,-0.14139999449253082,-0.13930000364780426,-0.1371999979019165,-0.13500000536441803,-0.13289999961853027,-0.1307000070810318,-0.12849999964237213,-0.12710000574588776,-0.12489999830722809,-0.12210000306367874,-0.11980000138282776,-0.11659999936819077,-0.11420000344514847,-0.11069999635219574,-0.10769999772310257,-0.1046999990940094,-0.10170000046491623,-0.09869000315666199,-0.09555000066757202,-0.0923599973320961,-0.08912000060081482,-0.08581999689340591,-0.08247999846935272,-0.07909999787807465,-0.07569999992847443
-0.19249999523162842,-0.18940000236034393,-0.18639999628067017,-0.1835000067949295,-0.18080000579357147,-0.17810000479221344,-0.17560000717639923,-0.17309999465942383,-0.17069999873638153,-0.16830000281333923,-0.16599999368190765,-0.16369999945163727,-0.1615000069141388,-0.15929999947547913,-0.15719999372959137,-0.1550000011920929,-0.15289999544620514,-0.1509000062942505,-0.14880000054836273,-0.1467999964952469,-0.14480000734329224,-0.14270000159740448,-0.14069999754428864,-0.1386999934911728,-0.13660000264644623,-0.13459999859333038,-0.13249999284744263,-0.13040000200271606,-0.1282999962568283,-0.12690000236034393,-0.12479999661445618,-0.12210000306367874,-0.11940000206232071,-0.11659999936819077,-0.11400000005960464,-0.11089999973773956,-0.10769999772310257,-0.1046999990940094,-0.10170000046491623,-0.09860999882221222,-0.0954200029373169,-0.09217000007629395,-0.08885999768972397,-0.08547999709844589,-0.08206000179052353,-0.07861000299453735,-0.07513999938964844
-0.19020000100135803,-0.18709999322891235,-0.18410000205039978,-0.18140000104904175,-0.17870000004768372,-0.1762000024318695,-0.1737000048160553,-0.1712999939918518,-0.1688999980688095,-0.16660000383853912,-0.16439999639987946,-0.16220000386238098,-0.1599999964237213,-0.15790000557899475,-0.155799999833107,-0.15379999577999115,-0.1518000066280365,-0.14980000257492065,-0.1477999985218048,-0.14589999616146088,-0.14390000700950623,-0.1420000046491623,-0.14010000228881836,-0.13809999823570251,-0.13619999587535858,-0.13420000672340393,-0.13220000267028809,-0.13019999861717224,-0.1281999945640564,-0.12680000066757202,-0.12479999661445618,-0.12210000306367874,-0.11940000206232071,-0.11680000275373459,-0.11389999836683273,-0.11100000143051147,-0.10790000110864639,-0.10490000247955322,-0.10180000215768814,-0.09864000231027603,-0.09538999944925308,-0.09205999970436096,-0.08865000307559967,-0.08518999814987183,-0.0816899985074997,-0.07813999801874161,-0.07457000017166138
-0.18770000338554382,-0.18469999730587006,-0.1818999946117401,-0.17919999361038208,-0.17659999430179596,-0.17419999837875366,-0.17170000076293945,-0.16940000653266907,-0.1670999974012375,-0.164900004863739,-0.16269999742507935,-0.16060000658035278,-0.15850000083446503,-0.15649999678134918,-0.15449999272823334,-0.1525000035762787,-0.15060000121593475,-0.14869999885559082,-0.1467999964952469,-0.14499999582767487,-0.14309999346733093,-0.1412999927997589,-0.13940000534057617,-0.13760000467300415,-0.13580000400543213,-0.1339000016450882,-0.13210000097751617,-0.13019999861717224,-0.12839999794960022,-0.12700000405311584,-0.12470000237226486,-0.12219999730587006,-0.11959999799728394,-0.11710000038146973,-0.1143999993801117,-0.1111999973654747,-0.10819999873638153,-0.10520000010728836,-0.10199999809265137,-0.09880000352859497,-0.09544999897480011,-0.09203000366687775,-0.08852999657392502,-0.08496999740600586,-0.0813400000333786,-0.07767999917268753,-0.07400000095367432
-0.18539999425411224,-0.18240000307559967,-0.17970000207424164,-0.1770000010728836,-0.1745000034570694,-0.1720999926328659,-0.16979999840259552,-0.16750000417232513,-0.16529999673366547,-0.1632000058889389,-0.16110000014305115,-0.1589999943971634,-0.15700000524520874,-0.1551000028848648,-0.15320000052452087,-0.15129999816417694,-0.149399995803833,-0.147599995136261,-0.14579999446868896,-0.14409999549388885,-0.14229999482631683,-0.14059999585151672,-0.1388999968767166,-0.1371999979019165,-0.1354999989271164,-0.13379999995231628,-0.13199999928474426,-0.13030000030994415,-0.12880000472068787,-0.12700000405311584,-0.1251000016927719,-0.1225999966263771,-0.12030000239610672,-0.1177000030875206,-0.11490000039339066,-0.11169999837875366,-0.10869999974966049,-0.10570000112056732,-0.10239999741315842,-0.09910999983549118,-0.09566999971866608,-0.09211999922990799,-0.0885000005364418,-0.08479999750852585,-0.08105000108480453,-0.07726000249385834,-0.07342000305652618
-0.18279999494552612,-0.1800999939441681,-0.17739999294281006,-0.17489999532699585,-0.17239999771118164,-0.17000000178813934,-0.16779999434947968,-0.1656000018119812,-0.16349999606609344,-0.16140000522136688,-0.15940000116825104,-0.1573999971151352,-0.15549999475479126,-0.15369999408721924,-0.1518000066280365,-0.15000000596046448,-0.14830000698566437,-0.14650000631809235,-0.14489999413490295,-0.14319999516010284,-0.14149999618530273,-0.13989999890327454,-0.13830000162124634,-0.13670000433921814,-0.13519999384880066,-0.13369999825954437,-0.1324000060558319,-0.1307000070810318,-0.12929999828338623,-0.1274999976158142,-0.12559999525547028,-0.12330000102519989,-0.12120000272989273,-0.11829999834299088,-0.11580000072717667,-0.11259999871253967,-0.10949999839067459,-0.10639999806880951,-0.1031000018119812,-0.09961000084877014,-0.09602999687194824,-0.09234999865293503,-0.08857999742031097,-0.08472999930381775,-0.0808200016617775,-0.07684999704360962,-0.07287000119686127
-0.18029999732971191,-0.1776999980211258,-0.17509999871253967,-0.17260000109672546,-0.17020000517368317,-0.1679999977350235,-0.16580000519752502,-0.16369999945163727,-0.1615999937057495,-0.15970000624656677,-0.15770000219345093,-0.155799999833107,-0.15399999916553497,-0.15219999849796295,-0.15049999952316284,-0.14880000054836273,-0.14710000157356262,-0.14550000429153442,-0.14390000700950623,-0.14229999482631683,-0.14079999923706055,-0.13930000364780426,-0.13779999315738678,-0.1363999992609024,-0.13519999384880066,-0.1339000016450882,-0.13269999623298645,-0.13130000233650208,-0.1298000067472458,-0.1281999945640564,-0.12639999389648438,-0.12430000305175781,-0.12219999730587006,-0.11940000206232071,-0.11680000275373459,-0.11379999667406082,-0.11069999635219574,-0.10740000009536743,-0.1039000004529953,-0.10029999911785126,-0.09658999741077423,-0.092739999294281,-0.08879999816417694,-0.08476000279188156,-0.08065000176429749,-0.07649999856948853,-0.07231000065803528
-0.1776999980211258,-0.17520000040531158,-0.17270000278949738,-0.1703999936580658,-0.1680999994277954,-0.16590000689029694,-0.16380000114440918,-0.16169999539852142,-0.1597999930381775,-0.15790000557899475,-0.15600000321865082,-0.1542000025510788,-0.1525000035762787,-0.15080000460147858,-0.14910000562667847,-0.14749999344348907,-0.14589999616146088,-0.1444000005722046,-0.1429000049829483,-0.14139999449253082,-0.14000000059604645,-0.13860000669956207,-0.13740000128746033,-0.13609999418258667,-0.13510000705718994,-0.1340000033378601,-0.13279999792575836,-0.13169999420642853,-0.13040000200271606,-0.1289999932050705,-0.12759999930858612,-0.12559999525547028,-0.12359999865293503,-0.12099999934434891,-0.11829999834299088,-0.11540000140666962,-0.11219999939203262,-0.10869999974966049,-0.10509999841451645,-0.10130000114440918,-0.09737999737262726,-0.09330999851226807,-0.0891600027680397,-0.08490999788045883,-0.08058000355958939,-0.07620000094175339,-0.07175999879837036
-0.17499999701976776,-0.17260000109672546,-0.17030000686645508,-0.1679999977350235,-0.16590000689029694,-0.16380000114440918,-0.16169999539852142,-0.1597999930381775,-0.15790000557899475,-0.15610000491142273,-0.1543000042438507,-0.1526000052690506,-0.1509000062942505,-0.1492999941110611,-0.1476999968290329,-0.1462000012397766,-0.14470000565052032,-0.14319999516010284,-0.14180000126361847,-0.1404999941587448,-0.13920000195503235,-0.1379999965429306,-0.13689999282360077,-0.13580000400543213,-0.1348000019788742,-0.1340000033378601,-0.13300000131130219,-0.13210000097751617,-0.13109999895095825,-0.12999999523162842,-0.12890000641345978,-0.1273999959230423,-0.12549999356269836,-0.12330000102519989,-0.12060000002384186,-0.11749999970197678,-0.11420000344514847,-0.11050000041723251,-0.10660000145435333,-0.10260000079870224,-0.09841000288724899,-0.09410999715328217,-0.08970999717712402,-0.08522000163793564,-0.08062999695539474,-0.07596000283956528,-0.07124000042676926
-0.17229999601840973,-0.17010000348091125,-0.1678999960422516,-0.16580000519752502,-0.16369999945163727,-0.16169999539852142,-0.15970000624656677,-0.15780000388622284,-0.15600000321865082,-0.1543000042438507,-0.1526000052690506,-0.1509999930858612,-0.149399995803833,-0.1477999985218048,-0.14630000293254852,-0.14489999413490295,-0.14350000023841858,-0.1421000063419342,-0.14079999923706055,-0.1395999938249588,-0.13840000331401825,-0.13740000128746033,-0.1363999992609024,-0.1354999989271164,-0.13459999859333038,-0.1339000016450882,-0.133200004696846,-0.13269999623298645,-0.13210000097751617,-0.1315000057220459,-0.13079999387264252,-0.1298000067472458,-0.1282999962568283,-0.12630000710487366,-0.12370000034570694,-0.12039999663829803,-0.11680000275373459,-0.1128000020980835,-0.10859999805688858,-0.10419999808073044,-0.09971000254154205,-0.0951400026679039,-0.09046000242233276,-0.08568999916315079,-0.08081000298261642,-0.07583999633789062,-0.07075999677181244
-0.1695999950170517,-0.16750000417232513,-0.16539999842643738,-0.16339999437332153,-0.1615000069141388,-0.15950000286102295,-0.15770000219345093,-0.1559000015258789,-0.1542000025510788,-0.1525000035762787,-0.1509000062942505,-0.1492999941110611,-0.1477999985218048,-0.14630000293254852,-0.14489999413490295,-0.1436000019311905,-0.14219999313354492,-0.14100000262260437,-0.13979999721050262,-0.1386999934911728,-0.13760000467300415,-0.13670000433921814,-0.13580000400543213,-0.13510000705718994,-0.13449999690055847,-0.1340000033378601,-0.13369999825954437,-0.13359999656677246,-0.13359999656677246,-0.13359999656677246,-0.13349999487400055,-0.133200004696846,-0.13230000436306,-0.1306000053882599,-0.12790000438690186,-0.12430000305175781,-0.12020000070333481,-0.11569999903440475,-0.11100000143051147,-0.10620000213384628,-0.10130000114440918,-0.09641999751329422,-0.09143000096082687,-0.08636000007390976,-0.08117000013589859,-0.07583999633789062,-0.07034999877214432
