public/data/output/wave_data_x8.grib.json
{"header": { "dx": 0.0031942857142861873, "dy": 0.0031538461538464556, "la1": 22.261199999999995, "lo1": 114.19140000000002, "la2": 22.179199999999987, "lo2": 114.30320000000003, "nx": 36, "ny": 27, "refTime": "2000-01-01 00:00:00", "parameterUnit": "m.s-1", "parameterCategory": 2, "parameterNumber": 2, "parameterNumberName": "eastward" }, "data":
[rows 0 to 23 of 27, columns 0 to 35 of 36]
0.0,0.0,0.0,0.0,0.0,0.0,0.0,0.0,0.0,0.0,0.0,0.0,0.0,0.0,0.0,0.0,0.0,0.0,0.0,0.0,-0.12968750298096662,-6.098499983549118,-8.7818124294281,-9.727124989032745,-9.969875156879425,-10.107500076293945,-10.18812495470047,-10.234999895095825,-10.270000100135803,-10.29437506198883,-10.31125020980835,-10.323749780654907,-10.333750009536743,-3.877500057220459,-4.534374892711639,-10.380000114440918
0.0,0.0,0.0,0.0,0.0,0.0,0.0,0.0,0.0,0.0,0.0,0.0,0.0,0.0,0.0,0.0,0.0,0.0,0.0,0.0,-2.201515629887581,-6.622062504291534,-8.803375005722046,-9.739046886563301,-9.980203166604042,-10.114218711853027,-10.191874966025352,-10.238124877214432,-10.271875113248825,-10.295937597751617,-10.312968954443932,-10.324218541383743,-8.073125004768372,-9.53718775510788,-9.874531149864197,-10.380000114440918
0.0,0.0,0.0,0.0,0.0,0.0,0.0,0.0,0.0,0.0,0.0,0.0,0.0,0.0,0.0,0.0,0.0,0.0,0.0,0.0,-0.9624843820929527,-7.044124990701675,-9.03084371238947,-9.77590624988079,-10.005937576293945,-10.131562501192093,-10.204531207680702,-10.247499942779541,-10.278125047683716,-10.139531448483467,-10.154531255364418,-3.7098436653614044,0.0,-5.335781425237656,-10.361093565821648,-10.381785869598389
0.0,0.0,0.0,0.0,0.0,0.0,0.0,0.0,0.0,0.0,0.0,0.0,0.0,0.0,0.0,0.0,0.0,0.0,0.0,0.0,-2.7533749863505363,-6.781390614807606,-9.00932813435793,-9.855390653014183,-10.053531289100647,-10.16265620291233,-10.224531143903732,-10.260781437158585,-9.160937443375587,-2.57671882212162,-3.2249999046325684,0.0,0.0,-7.2773440182209015,-10.362656027078629,-10.382857322692871
0.0,0.0,0.0,0.0,0.0,0.0,0.0,0.0,0.0,0.0,0.0,0.0,0.0,0.0,0.0,0.0,0.0,0.0,0.0,-1.0877500064704206,-5.446703128516674,-7.5868750140070915,-9.242734372615814,-9.973578184843063,-10.116093769669533,-10.19968743622303,-10.24906250834465,-10.278125047683716,-4.020937517285347,-0.8062499761581421,-9.681249856948853,-1.6143749952316284,0.0,-2.102968782186508,-10.363905996084213,-10.382857322692871
0.0,0.0,0.0,0.0,0.0,0.0,0.0,0.0,0.0,0.0,0.0,0.0,0.0,0.0,0.0,0.0,0.0,0.0,-3.0385936945676804,-7.570484362542629,-9.138140678405762,-9.133312493562698,-9.771390676498413,-10.092562526464462,-10.179843693971634,-10.237968698143959,-10.275468811392784,-10.298593908548355,-3.382968842983246,0.0,-7.104843765497208,-8.88578137755394,-0.6464062631130219,-6.471562534570694,-10.364999771118164,-10.385178702218193
0.0,0.0,0.0,0.0,0.0,0.0,0.0,0.0,0.0,0.0,-0.3601806300575845,-0.0357187504414469,1.9593750789068977e-14,0.0,0.0,0.0,0.0,0.0,-4.6048750057816505,-7.602109394967556,-9.757374957203865,-9.997437536716461,-10.103281274437904,-10.17453122138977,-10.227812379598618,-10.269062593579292,-10.298281386494637,-10.316406235098839,-7.422968655824661,-4.038281291723251,-4.039062559604645,-10.344218999147415,-7.2773440182209015,-8.091562390327454,-10.366249799728394,-10.386785847800118
0.0,0.0,0.0,0.0,0.0,0.0,0.0,0.0,0.0,0.0,-0.015887499786913395,1.0107964153867215,1.8201187551025395,0.8708531316376666,0.0,0.0,0.0,0.0,0.0,-6.207812502980232,-9.60179691016674,-9.997406378388405,-10.139531269669533,-10.212031126022339,-10.257500097155571,-10.291718795895576,-10.315000042319298,-10.329687416553497,-10.338125109672546,-10.341875195503235,-3.71750009059906,-8.571094065904617,-10.350312858819962,-10.359062224626541,-10.368281096220016,-10.387142998831612
-1.4652031175792217,-2.0124265514314175,-0.14100468717515469,0.0,0.0,0.0,0.0,0.0,0.0,0.0,0.0,0.011692187748849392,1.8007484441623092,2.665482821410703,0.0,0.0,0.0,0.0,0.0,-2.2812656462192535,-9.218984387814999,-9.73717188835144,-10.07040622830391,-10.213124886155128,-10.265000075101852,-10.302343934774399,-10.325156077742577,-10.338281363248825,-10.34593778848648,-10.350000381469727,-9.217969089746475,-10.350156620144844,-10.355937451124191,-10.359999656677246,-10.37015613913536,-10.387142998831612
-3.1393437683582306,-1.7379870301811025,0.35705203015822917,0.0,0.0,0.0,0.0,0.0,0.0,0.0,-0.031256406276952475,0.0,1.0746156256645918,1.998454693239729,0.10973437316715717,0.0,0.0,0.0,0.0,-1.9482343718409538,-7.293421879410744,-8.006937555968761,-9.542531281709671,-10.18515619635582,-10.25890627503395,-10.302968889474869,-10.328749895095825,-10.343437731266022,-10.350000381469727,-10.352812677621841,-10.356406167149544,-10.359218463301659,-10.359999656677246,-10.360468417406082,-10.372343689203262,-10.387500149863106
-3.534881246741861,-1.8128775018267334,-0.8095749986823648,0.0,0.0,0.0,0.0,0.0,0.0,-0.15651562809944153,-2.4951999988409272,-1.205875005574297,-0.6482807831489481,0.5115336709932308,0.32876656265712956,0.0,0.0,0.0,0.0,-0.8531250059604645,-2.8969687297940254,-4.049262510612607,-9.34460936486721,-10.138437494635582,-10.241562530398369,-10.296406373381615,-10.327812373638153,-10.345000267028809,-10.353593870997429,-10.359999656677246,-10.359999656677246,-10.359999656677246,-10.359999656677246,-10.362499713897705,-10.372499942779541,-10.388750161443438
-5.02271874807775,-4.197946243279148,-0.26238631220621755,0.0,0.0,0.0,0.0,0.0,-0.24825000390410423,-3.55636718403548,-4.317265648394823,-4.201890628784895,-3.3915781266987324,-2.263965632300824,-1.050976564642042,0.0,0.0,0.0,0.0,-5.657921871170402,-5.372017480112935,-6.791562475264072,-9.371406234800816,-10.09721876680851,-10.218124940991402,-10.28625012934208,-10.324531197547913,-10.345000267028809,-10.357968553900719,-10.359999656677246,-10.359999656677246,-10.359999656677246,-10.359999656677246,-10.365312278270721,-10.373593717813492,-10.390000070844378
-2.7796562537550926,-0.35148922092072465,0.44004687294363976,0.0,0.0,0.0,0.0,0.0,-4.59615620970726,-6.69564063847065,-6.951203137636185,-6.935109384357929,-6.2871875166893005,-3.885185969993472,-0.5682217265712097,0.0,0.0,0.0,0.0,-1.9377968832850456,-6.4580781403928995,-6.847968749702235,-9.266062498092651,-10.040953189134598,-10.19078116118908,-10.27500006556511,-10.323750019073486,-10.346875250339508,-10.360468417406082,-10.366093546152115,-10.368281096220016,-10.367031067609787,-10.365937292575836,-10.369531124830246,-10.374374985694885,-10.390000070844378
-5.579734377563,-4.7467812485997865,-2.503626860562809,-0.316520317690447,0.0,0.0,0.0,-0.5507500059902668,-4.030234377831221,-4.820390619337559,-4.390953119844198,-4.7405000030994415,-5.696437504142523,-5.378906264901161,-3.000687491148793,0.0,0.0,0.0,0.0,0.0,-4.222078114748001,-7.046312466263771,-9.115734361112118,-9.973750069737434,-10.166093736886978,-10.26953125,-10.324843779206276,-10.352812558412552,-10.367343574762344,-10.369999885559082,-10.369999885559082,-10.369999885559082,-10.369999885559082,-10.369999885559082,-10.375625014305115,-10.391250099454608
-7.811374992132187,-7.563109368085861,-5.552734397351742,-2.245165624655783,0.0,-0.8126718699932098,-2.772190993568074,-0.16042187064886093,-1.7376093789935112,-4.123921878635883,-4.48045314475894,-4.737234365195036,-3.762671886011958,-2.2931065544253215,-1.1357631510618376,0.477100911004527,0.2838600021786988,0.0,0.0,0.0,-2.4894375167787075,-6.667953126132488,-8.997296884655952,-9.935296833515167,-10.15968742966652,-10.275312557816505,-10.334843814373016,-10.363749876618385,-10.376562535762787,-10.37984386086464,-10.379062592983246,-10.374843746423721,-10.37015613913536,-10.369999885559082,-10.377968817949295,-10.391428674970355
-7.024609349668026,-5.964546890929341,-1.4770312355831265,0.0,0.0,-3.7490312308073044,-5.1073280945420265,-1.6487546908902004,0.0,0.0,-4.361296825110912,-6.857031285762787,-6.331328108906746,-4.709421865642071,-3.002515636384487,-2.376460945699364,-0.8352715623332365,0.0,0.0,0.0,-2.3492968752980232,-6.7633906081318855,-9.031343758106232,-9.962765619158745,-10.187031209468842,-10.300000071525574,-10.356718748807907,-10.37984386086464,-10.389218986034393,-10.389219045639038,-10.38562524318695,-10.380468875169754,-10.378125071525574,-10.375625014305115,-10.380000114440918,-10.393928630011422
-5.354749999940395,-3.73373438953422,-1.54070625314489,-3.466828126460314,-5.357374981045723,-5.451124988496304,-4.8349843993783,-1.7254546931944788,0.0,-1.8866718783974648,-6.202343761920929,-8.22012498229742,-8.185609437525272,-7.628187522292137,-6.18589061871171,-3.204139065928757,-0.6206465675496444,0.0,0.0,0.0,-1.7565937340259552,-4.963874988257885,-9.082906283438206,-10.036906272172928,-10.245781242847443,-10.346093773841858,-10.3885937333107,-10.399687394499779,-10.404999732971191,-10.401718452572823,-10.394843742251396,-10.388437807559967,-10.380625128746033,-10.380000114440918,-10.381250143051147,-10.394285746983119
-7.318750001490116,-7.32106252014637,-6.991593733429909,-6.385249979794025,-5.695000011473894,-3.9934328292729333,-1.1397448431234807,0.0,0.0,-4.928546853363514,-5.742218740286477,-8.741937577724457,-9.182312458753586,-9.412140592932701,-9.324562564492226,-7.543593745678663,-3.326398452745508,-1.307468749584694,-1.2376874834299412,-1.195551565848291,-1.083921879529953,-1.4350625202059746,-7.642156302928925,-10.166390627622604,-10.337656304240227,-10.411093696951866,-10.426874905824661,-10.425156325101852,-10.424218907952309,-10.415312469005585,-10.404374718666077,-10.394843742251396,-10.387187778949738,-10.380156368017197,-10.38328143954277,-10.395178539412361
-7.522515639662743,-7.5951875150203705,-7.4005468636751175,-6.546359404921532,-5.1098906472325325,-2.7818343590479344,1.1476357836072566,0.0,0.0,-2.2519374936819077,-6.381875045597553,-8.57603120803833,-9.012999966740608,-9.317593768239021,-9.635703101754189,-8.983109369874,-8.23021874576807,-8.621703080832958,-8.482296921312809,-7.8991875275969505,-6.373031251132488,-4.002718745268821,-8.735843755304813,-10.358437493443489,-10.454062446951866,-10.477968662977219,-10.466874927282333,-10.452343612909317,-10.444530993700027,-10.429375112056732,-10.414999961853027,-10.402187183499336,-10.391406491398811,-10.386562764644623,-10.38812530040741,-10.396785616874695
-7.027218736708164,-6.797265641391277,-6.4745937287807465,-5.8982187658548355,-4.9128906317055225,-2.4479071961250156,0.938597502768971,0.0,0.0,-0.12821875140070915,-4.526031251996756,-8.383968755602837,-9.17717182636261,-9.608953088521957,-9.951187536120415,-10.298875033855438,-10.651875048875809,-10.896406218409538,-10.94843752682209,-10.877031221985817,-10.809375017881393,-10.77296881377697,-10.607812449336052,-10.563593789935112,-10.554375052452087,-10.534375116229057,-10.504687517881393,-10.479531079530716,-10.463437542319298,-10.442031025886536,-10.424218907952309,-10.407968550920486,-10.396249890327454,-10.390000343322754,-10.390156581997871,-10.400714039802551
-7.715234354138374,-7.650687508285046,-7.468796893954277,-7.125375010073185,-6.4505937695503235,-4.8417031317949295,-1.1776900030963589,0.0,0.0,0.0,-1.9374531283974648,-8.263874970376492,-9.253078132867813,-9.687703132629395,-10.010125026106834,-10.307656288146973,-10.5839062333107,-10.794218748807907,-10.91296873986721,-10.925624966621399,-10.887031227350235,-10.81687505543232,-10.734531223773956,-10.663749948143959,-10.615781277418137,-10.577656298875809,-10.535781353712082,-10.503125071525574,-10.479687348008156,-10.453906148672104,-10.432187527418137,-10.414062440395355,-10.40062464773655,-10.394531264901161,-10.396562367677689,-10.406249761581421
-7.783828094601631,-7.664156273007393,-7.539968699216843,-7.351859353482723,-7.046531222760677,-6.21470314450562,-4.038587511749938,-1.6617296957410872,-2.5916249975562096,-3.6134375110268593,-5.873046867549419,-8.923406198620796,-9.45265619456768,-9.76196874678135,-10.018796905875206,-10.257968738675117,-10.471718743443489,-10.639218732714653,-10.755624994635582,-10.815624997019768,-10.833593800663948,-10.819531247019768,-10.76593753695488,-10.704062402248383,-10.652968749403954,-10.60656252503395,-10.559843808412552,-10.523906394839287,-10.494531124830246,-10.466562509536743,-10.441562324762344,-10.420312583446503,-10.403437197208405,-10.402343422174454,-10.412656158208847,-10.423928584371295
-8.444765627384186,-8.461734399199486,-8.47885936498642,-8.50485934317112,-8.550765633583069,-8.686703145503998,-8.765484392642975,-8.911734364926815,-9.001656219363213,-9.060015626251698,-8.934781298041344,-9.487531244754791,-9.654609322547913,-9.841562494635582,-10.027953192591667,-10.210312470793724,-10.376249998807907,-10.506093755364418,-10.604687511920929,-10.66374996304512,-10.68140622973442,-10.689218789339066,-10.691093802452087,-10.678750053048134,-10.662812486290932,-10.636249959468842,-10.604687556624413,-10.575781255960464,-10.550937578082085,-10.529062435030937,-10.512031391263008,-10.503281399607658,-10.507656216621399,-10.052171930670738,-9.532609432935715,-9.663857102394104
-8.533859372138977,-8.557781293988228,-8.593046858906746,-8.646734356880188,-8.738874986767769,-8.898265600204468,-9.143046855926514,-9.399906232953072,-9.578078106045723,-9.673296883702278,-9.688203155994415,-9.695531278848648,-9.77259373664856,-9.894593760371208,-10.041249990463257,-10.193124949932098,-9.686875015497208,-5.71953122317791,-4.452500030398369,-2.3228125125169754,-4.002031221985817,-10.702499970793724,-10.72671876847744,-10.74781246483326,-10.764218777418137,-10.768281355500221,-10.748749896883965,-10.725781247019768,-10.706874996423721,-10.688749969005585,-3.485312432050705,-7.620640501379967,-10.58364062011242,-9.703093700110912,-8.43300000578165,-7.453635738364288
