public/data/output/wave_data_x1.grib.json
{"header": { "dx": 0.00040000000000001184, "dy": 0.0003999999999999857, "la1": 22.2614, "lo1": 114.19, "la2": 22.1778, "lo2": 114.3044, "nx": 287, "ny": 210, "refTime": "2000-01-01 00:00:00", "parameterUnit": "m.s-1", "parameterCategory": 2, "parameterNumber": 2, "parameterNumberName": "eastward" }, "data":
[rows 189 to 209 of 210, columns 0 to 47 of 287]
-8.527000427246094,-8.529999732971191,-8.531999588012695,-8.53499984741211,-8.538000106811523,-8.541000366210938,-8.543999671936035,-8.54800033569336,-8.552000045776367,-8.555999755859375,-8.5600004196167,-8.5649995803833,-8.569999694824219,-8.574000358581543,-8.579999923706055,-8.585000038146973,-8.59000015258789,-8.595999717712402,-8.60200023651123,-8.607999801635742,-8.614999771118164,-8.621999740600586,-8.628999710083008,-8.63700008392334,-8.645000457763672,-8.654000282287598,-8.663000106811523,-8.67300033569336,-8.682999610900879,-8.694000244140625,-8.706000328063965,-8.718000411987305,-8.730999946594238,-8.744000434875488,-8.758999824523926,-8.77400016784668,-8.788999557495117,-8.805000305175781,-8.821999549865723,-8.83899974822998,-8.857000350952148,-8.87600040435791,-8.895999908447266,-8.916000366210938,-8.937000274658203,-8.958000183105469,-8.979999542236328,-9.001999855041504
-8.52400016784668,-8.526000022888184,-8.527999877929688,-8.531000137329102,-8.534000396728516,-8.536999702453613,-8.539999961853027,-8.543999671936035,-8.54800033569336,-8.552000045776367,-8.555999755859375,-8.560999870300293,-8.565999984741211,-8.571000099182129,-8.576000213623047,-8.581999778747559,-8.586999893188477,-8.593000411987305,-8.598999977111816,-8.604999542236328,-8.612000465393066,-8.619000434875488,-8.626999855041504,-8.635000228881836,-8.644000053405762,-8.652999877929688,-8.661999702453613,-8.67300033569336,-8.682999610900879,-8.694999694824219,-8.706000328063965,-8.718000411987305,-8.730999946594238,-8.744999885559082,-8.758999824523926,-8.77400016784668,-8.788999557495117,-8.805000305175781,-8.821999549865723,-8.83899974822998,-8.857000350952148,-8.875,-8.895000457763672,-8.913999557495117,-8.934000015258789,-8.954999923706055,-8.97599983215332,-8.998000144958496
-8.520000457763672,-8.522000312805176,-8.524999618530273,-8.527000427246094,-8.529999732971191,-8.532999992370605,-8.536999702453613,-8.541000366210938,-8.545000076293945,-8.548999786376953,-8.553000450134277,-8.557999610900879,-8.562999725341797,-8.567999839782715,-8.572999954223633,-8.579000473022461,-8.583999633789062,-8.59000015258789,-8.597000122070312,-8.602999687194824,-8.609999656677246,-8.616999626159668,-8.625,-8.633000373840332,-8.642000198364258,-8.651000022888184,-8.66100025177002,-8.670999526977539,-8.682000160217285,-8.692999839782715,-8.704999923706055,-8.718000411987305,-8.730999946594238,-8.744000434875488,-8.758000373840332,-8.77299976348877,-8.788999557495117,-8.805000305175781,-8.821000099182129,-8.83899974822998,-8.855999946594238,-8.87399959564209,-8.892999649047852,-8.911999702453613,-8.932000160217285,-8.95199966430664,-8.972999572753906,-8.994000434875488
-8.515999794006348,-8.517999649047852,-8.520000457763672,-8.522000312805176,-8.524999618530273,-8.527999877929688,-8.531999588012695,-8.53600025177002,-8.539999961853027,-8.543999671936035,-8.54800033569336,-8.553000450134277,-8.557999610900879,-8.562999725341797,-8.567999839782715,-8.574000358581543,-8.579999923706055,-8.586000442504883,-8.593000411987305,-8.600000381469727,-8.607000350952148,-8.61400032043457,-8.621999740600586,-8.630000114440918,-8.638999938964844,-8.64799976348877,-8.657999992370605,-8.668000221252441,-8.678999900817871,-8.6899995803833,-8.70199966430664,-8.71500015258789,-8.727999687194824,-8.741000175476074,-8.755999565124512,-8.770999908447266,-8.78600025177002,-8.802000045776367,-8.819000244140625,-8.836000442504883,-8.854000091552734,-8.871999740600586,-8.890000343322754,-8.909000396728516,-8.928999900817871,-8.947999954223633,-8.968999862670898,-8.98900032043457
-8.512999534606934,-8.513999938964844,-8.515999794006348,-8.517999649047852,-8.520999908447266,-8.52400016784668,-8.527000427246094,-8.531000137329102,-8.53499984741211,-8.538999557495117,-8.543000221252441,-8.54800033569336,-8.553000450134277,-8.557999610900879,-8.562999725341797,-8.569000244140625,-8.574999809265137,-8.581000328063965,-8.588000297546387,-8.595000267028809,-8.60200023651123,-8.609999656677246,-8.618000030517578,-8.626999855041504,-8.635000228881836,-8.645000457763672,-8.654999732971191,-8.664999961853027,-8.675999641418457,-8.687999725341797,-8.699000358581543,-8.711999893188477,-8.725000381469727,-8.73900032043457,-8.753000259399414,-8.767999649047852,-8.782999992370605,-8.798999786376953,-8.815999984741211,-8.833000183105469,-8.850000381469727,-8.868000030517578,-8.88700008392334,-8.904999732971191,-8.923999786376953,-8.944000244140625,-8.96399974822998,-8.984000205993652
-8.508999824523926,-8.510000228881836,-8.51200008392334,-8.513999938964844,-8.515999794006348,-8.519000053405762,-8.522000312805176,-8.524999618530273,-8.529000282287598,-8.532999992370605,-8.536999702453613,-8.541999816894531,-8.54699993133545,-8.552000045776367,-8.557999610900879,-8.562999725341797,-8.569999694824219,-8.576000213623047,-8.583000183105469,-8.59000015258789,-8.597999572753906,-8.605999946594238,-8.614999771118164,-8.62399959564209,-8.633000373840332,-8.642999649047852,-8.652999877929688,-8.663000106811523,-8.673999786376953,-8.685999870300293,-8.697999954223633,-8.711000442504883,-8.723999977111816,-8.737000465393066,-8.75100040435791,-8.765999794006348,-8.781000137329102,-8.79699993133545,-8.814000129699707,-8.829999923706055,-8.847999572753906,-8.866000175476074,-8.883999824523926,-8.902000427246094,-8.920999526977539,-8.9399995803833,-8.958999633789062,-8.979000091552734
-8.505000114440918,-8.505999565124512,-8.506999969482422,-8.508999824523926,-8.510000228881836,-8.51200008392334,-8.515000343322754,-8.517000198364258,-8.520999908447266,-8.524999618530273,-8.529000282287598,-8.532999992370605,-8.538000106811523,-8.543999671936035,-8.550000190734863,-8.555999755859375,-8.562000274658203,-8.569000244140625,-8.576000213623047,-8.583999633789062,-8.592000007629395,-8.60099983215332,-8.609999656677246,-8.619000434875488,-8.628999710083008,-8.638999938964844,-8.64900016784668,-8.65999984741211,-8.670999526977539,-8.682999610900879,-8.694999694824219,-8.706999778747559,-8.720999717712402,-8.734000205993652,-8.74899959564209,-8.762999534606934,-8.779000282287598,-8.795000076293945,-8.810999870300293,-8.82699966430664,-8.843999862670898,-8.862000465393066,-8.880000114440918,-8.89799976348877,-8.916999816894531,-8.9350004196167,-8.954999923706055,-8.973999977111816
-8.503000259399414,-8.503999710083008,-8.505000114440918,-8.505999565124512,-8.506999969482422,-8.508999824523926,-8.51099967956543,-8.512999534606934,-8.515999794006348,-8.519000053405762,-8.52299976348877,-8.527999877929688,-8.532999992370605,-8.538000106811523,-8.543999671936035,-8.550999641418457,-8.557999610900879,-8.5649995803833,-8.571999549865723,-8.579999923706055,-8.58899974822998,-8.597000122070312,-8.605999946594238,-8.614999771118164,-8.625,-8.635000228881836,-8.645999908447266,-8.656999588012695,-8.668999671936035,-8.680999755859375,-8.692999839782715,-8.706000328063965,-8.720000267028809,-8.732999801635742,-8.748000144958496,-8.76200008392334,-8.777999877929688,-8.793000221252441,-8.809000015258789,-8.826000213623047,-8.842000007629395,-8.859999656677246,-8.876999855041504,-8.895000457763672,-8.913999557495117,-8.932000160217285,-8.951000213623047,-8.970000267028809
-8.505000114440918,-8.505000114440918,-8.505999565124512,-8.505999565124512,-8.506999969482422,-8.508000373840332,-8.510000228881836,-8.51200008392334,-8.513999938964844,-8.517000198364258,-8.520000457763672,-8.52400016784668,-8.529000282287598,-8.53499984741211,-8.541000366210938,-8.54699993133545,-8.553999900817871,-8.560999870300293,-8.569000244140625,-8.57699966430664,-8.585000038146973,-8.593999862670898,-8.604000091552734,-8.61299991607666,-8.62399959564209,-8.633999824523926,-8.645000457763672,-8.656000137329102,-8.668000221252441,-8.680000305175781,-8.692999839782715,-8.706000328063965,-8.718999862670898,-8.732999801635742,-8.746999740600586,-8.76099967956543,-8.776000022888184,-8.791999816894531,-8.807999610900879,-8.824000358581543,-8.840999603271484,-8.857999801635742,-8.875,-8.892999649047852,-8.911999702453613,-8.930000305175781,-8.947999954223633,-8.967000007629395
-8.505000114440918,-8.505999565124512,-8.506999969482422,-8.508000373840332,-8.508999824523926,-8.51099967956543,-8.51200008392334,-8.513999938964844,-8.517000198364258,-8.520000457763672,-8.52400016784668,-8.529000282287598,-8.534000396728516,-8.541000366210938,-8.54800033569336,-8.555000305175781,-8.5600004196167,-8.565999984741211,-8.571999549865723,-8.579000473022461,-8.586000442504883,-8.593999862670898,-8.602999687194824,-8.612000465393066,-8.621999740600586,-8.633000373840332,-8.645000457763672,-8.656000137329102,-8.668000221252441,-8.680999755859375,-8.692999839782715,-8.706000328063965,-8.720000267028809,-8.732999801635742,-8.746999740600586,-8.76200008392334,-8.777000427246094,-8.791999816894531,-8.807999610900879,-8.824000358581543,-8.840999603271484,-8.857999801635742,-8.87600040435791,-8.892999649047852,-8.91100025177002,-8.928999900817871,-8.946999549865723,-8.965999603271484
-8.503999710083008,-8.505999565124512,-8.508000373840332,-8.510000228881836,-8.51200008392334,-8.513999938964844,-8.515999794006348,-8.519000053405762,-8.522000312805176,-8.524999618530273,-8.529000282287598,-8.532999992370605,-8.538000106811523,-8.543999671936035,-8.550000190734863,-8.555999755859375,-8.562999725341797,-8.571000099182129,-8.57800006866455,-8.585000038146973,-8.593000411987305,-8.600000381469727,-8.609000205993652,-8.616999626159668,-8.62600040435791,-8.63599967956543,-8.647000312805176,-8.657999992370605,-8.670000076293945,-8.682000160217285,-8.694999694824219,-8.706999778747559,-8.720999717712402,-8.734000205993652,-8.748000144958496,-8.762999534606934,-8.777999877929688,-8.793000221252441,-8.809000015258789,-8.824999809265137,-8.842000007629395,-8.859000205993652,-8.87600040435791,-8.892999649047852,-8.91100025177002,-8.928999900817871,-8.946999549865723,-8.96500015258789
-8.501999855041504,-8.505000114440918,-8.508000373840332,-8.51099967956543,-8.513999938964844,-8.515999794006348,-8.520000457763672,-8.52299976348877,-8.527999877929688,-8.532999992370605,-8.538000106811523,-8.541999816894531,-8.54699993133545,-8.550999641418457,-8.555999755859375,-8.562999725341797,-8.569000244140625,-8.574999809265137,-8.581999778747559,-8.58899974822998,-8.597000122070312,-8.604999542236328,-8.61400032043457,-8.623000144958496,-8.633000373840332,-8.644000053405762,-8.652999877929688,-8.661999702453613,-8.67300033569336,-8.6850004196167,-8.697999954223633,-8.711000442504883,-8.723999977111816,-8.73799991607666,-8.751999855041504,-8.767000198364258,-8.781000137329102,-8.79699993133545,-8.812999725341797,-8.829000473022461,-8.845000267028809,-8.862000465393066,-8.878999710083008,-8.895999908447266,-8.913999557495117,-8.930999755859375,-8.949000358581543,-8.967000007629395
-8.5,-8.503000259399414,-8.505999565124512,-8.510000228881836,-8.512999534606934,-8.515999794006348,-8.520000457763672,-8.52400016784668,-8.527999877929688,-8.532999992370605,-8.538999557495117,-8.543999671936035,-8.550000190734863,-8.555000305175781,-8.5600004196167,-8.5649995803833,-8.569000244140625,-8.574000358581543,-8.579999923706055,-8.586000442504883,-8.595000267028809,-8.604000091552734,-8.61299991607666,-8.623000144958496,-8.633000373840332,-8.644000053405762,-8.654999732971191,-8.666000366210938,-8.678000450134277,-8.6899995803833,-8.70300006866455,-8.715999603271484,-8.729000091552734,-8.743000030517578,-8.756999969482422,-8.772000312805176,-8.786999702453613,-8.803000450134277,-8.819000244140625,-8.835000038146973,-8.85099983215332,-8.868000030517578,-8.883999824523926,-8.901000022888184,-8.918999671936035,-8.935999870300293,-8.954000473022461,-8.970999717712402
-8.50100040435791,-8.505000114440918,-8.508000373840332,-8.510000228881836,-8.512999534606934,-8.517000198364258,-8.520999908447266,-8.524999618530273,-8.529000282287598,-8.534000396728516,-8.538999557495117,-8.543999671936035,-8.550000190734863,-8.557000160217285,-8.564000129699707,-8.571000099182129,-8.57800006866455,-8.583000183105469,-8.59000015258789,-8.595999717712402,-8.604000091552734,-8.611000061035156,-8.619000434875488,-8.628000259399414,-8.637999534606934,-8.64900016784668,-8.65999984741211,-8.670999526977539,-8.682999610900879,-8.694999694824219,-8.708000183105469,-8.720999717712402,-8.734999656677246,-8.74899959564209,-8.762999534606934,-8.777999877929688,-8.793000221252441,-8.809000015258789,-8.824000358581543,-8.84000015258789,-8.855999946594238,-8.873000144958496,-8.890000343322754,-8.906000137329102,-8.92300033569336,-8.940999984741211,-8.958000183105469,-8.975000381469727
-8.503000259399414,-8.505999565124512,-8.510000228881836,-8.51200008392334,-8.515999794006348,-8.519000053405762,-8.52299976348877,-8.527000427246094,-8.531000137329102,-8.53600025177002,-8.539999961853027,-8.545000076293945,-8.550000190734863,-8.555000305175781,-8.560999870300293,-8.567000389099121,-8.574000358581543,-8.581000328063965,-8.58899974822998,-8.597000122070312,-8.604999542236328,-8.614999771118164,-8.62399959564209,-8.633999824523926,-8.644000053405762,-8.654999732971191,-8.666000366210938,-8.678000450134277,-8.6899995803833,-8.70199966430664,-8.71500015258789,-8.727999687194824,-8.741000175476074,-8.755000114440918,-8.769000053405762,-8.782999992370605,-8.79800033569336,-8.814000129699707,-8.829000473022461,-8.845000267028809,-8.862000465393066,-8.878000259399414,-8.895000457763672,-8.91100025177002,-8.928000450134277,-8.944999694824219,-8.963000297546387,-8.979999542236328
-8.506999969482422,-8.51099967956543,-8.513999938964844,-8.515999794006348,-8.520000457763672,-8.52299976348877,-8.526000022888184,-8.531000137329102,-8.53499984741211,-8.539999961853027,-8.545000076293945,-8.550999641418457,-8.555999755859375,-8.562000274658203,-8.567999839782715,-8.574000358581543,-8.581000328063965,-8.588000297546387,-8.595999717712402,-8.604999542236328,-8.61299991607666,-8.621999740600586,-8.631999969482422,-8.642000198364258,-8.652000427246094,-8.663000106811523,-8.673999786376953,-8.6850004196167,-8.696999549865723,-8.710000038146973,-8.722000122070312,-8.736000061035156,-8.74899959564209,-8.762999534606934,-8.777000427246094,-8.791000366210938,-8.805999755859375,-8.821000099182129,-8.836999893188477,-8.852999687194824,-8.869000434875488,-8.885000228881836,-8.901000022888184,-8.918000221252441,-8.934000015258789,-8.951000213623047,-8.968000411987305,-8.984999656677246
-8.51200008392334,-8.515000343322754,-8.517999649047852,-8.522000312805176,-8.526000022888184,-8.529000282287598,-8.532999992370605,-8.53600025177002,-8.539999961853027,-8.545000076293945,-8.550999641418457,-8.557000160217285,-8.562999725341797,-8.569000244140625,-8.574999809265137,-8.581999778747559,-8.58899974822998,-8.595999717712402,-8.604000091552734,-8.612000465393066,-8.621000289916992,-8.630000114440918,-8.640000343322754,-8.649999618530273,-8.65999984741211,-8.670999526977539,-8.682000160217285,-8.692999839782715,-8.704999923706055,-8.718000411987305,-8.729999542236328,-8.743000030517578,-8.756999969482422,-8.770999908447266,-8.78499984741211,-8.798999786376953,-8.814000129699707,-8.829000473022461,-8.845000267028809,-8.859999656677246,-8.87600040435791,-8.892000198364258,-8.907999992370605,-8.923999786376953,-8.940999984741211,-8.958000183105469,-8.975000381469727,-8.991999626159668
-8.513999938964844,-8.517000198364258,-8.522000312805176,-8.526000022888184,-8.529000282287598,-8.531999588012695,-8.53600025177002,-8.541000366210938,-8.545999526977539,-8.550000190734863,-8.553999900817871,-8.559000015258789,-8.5649995803833,-8.571999549865723,-8.579000473022461,-8.586000442504883,-8.593999862670898,-8.60099983215332,-8.609999656677246,-8.618000030517578,-8.626999855041504,-8.63599967956543,-8.645999908447266,-8.656000137329102,-8.666999816894531,-8.678000450134277,-8.689000129699707,-8.699999809265137,-8.711999893188477,-8.723999977111816,-8.737000465393066,-8.75,-8.762999534606934,-8.777000427246094,-8.791000366210938,-8.805999755859375,-8.821000099182129,-8.836000442504883,-8.85099983215332,-8.866999626159668,-8.881999969482422,-8.89799976348877,-8.913999557495117,-8.930000305175781,-8.946000099182129,-8.963000297546387,-8.979999542236328,-8.996999740600586
-8.512999534606934,-8.517999649047852,-8.522000312805176,-8.527000427246094,-8.531000137329102,-8.53600025177002,-8.538999557495117,-8.543000221252441,-8.54800033569336,-8.553000450134277,-8.557000160217285,-8.562000274658203,-8.565999984741211,-8.571000099182129,-8.57699966430664,-8.585000038146973,-8.592000007629395,-8.600000381469727,-8.609000205993652,-8.618000030517578,-8.626999855041504,-8.63700008392334,-8.647000312805176,-8.656999588012695,-8.668000221252441,-8.678999900817871,-8.6899995803833,-8.70199966430664,-8.71399974822998,-8.72700023651123,-8.739999771118164,-8.753000259399414,-8.767000198364258,-8.781000137329102,-8.795000076293945,-8.8100004196167,-8.824999809265137,-8.84000015258789,-8.854999542236328,-8.871000289916992,-8.88700008392334,-8.902999877929688,-8.918999671936035,-8.9350004196167,-8.95199966430664,-8.968000411987305,-8.984999656677246,-9.001999855041504
-8.508000373840332,-8.512999534606934,-8.517999649047852,-8.52299976348877,-8.527000427246094,-8.531000137329102,-8.53600025177002,-8.541000366210938,-8.545000076293945,-8.550000190734863,-8.553999900817871,-8.557999610900879,-8.562999725341797,-8.567999839782715,-8.574999809265137,-8.581999778747559,-8.58899974822998,-8.597000122070312,-8.605999946594238,-8.614999771118164,-8.625,-8.635000228881836,-8.645000457763672,-8.656000137329102,-8.666999816894531,-8.678000450134277,-8.6899995803833,-8.70199966430664,-8.71500015258789,-8.72700023651123,-8.741000175476074,-8.753999710083008,-8.767999649047852,-8.782999992370605,-8.79800033569336,-8.812000274658203,-8.82800006866455,-8.843000411987305,-8.857999801635742,-8.87399959564209,-8.890000343322754,-8.906000137329102,-8.92199993133545,-8.939000129699707,-8.954999923706055,-8.972000122070312,-8.98900032043457,-9.005999565124512
-8.503000259399414,-8.506999969482422,-8.512999534606934,-8.517000198364258,-8.522000312805176,-8.527000427246094,-8.531000137329102,-8.53600025177002,-8.541000366210938,-8.545999526977539,-8.550999641418457,-8.557000160217285,-8.560999870300293,-8.565999984741211,-8.571999549865723,-8.57800006866455,-8.586000442504883,-8.595000267028809,-8.604000091552734,-8.61299991607666,-8.623000144958496,-8.633000373840332,-8.644000053405762,-8.654999732971191,-8.666000366210938,-8.677000045776367,-8.689000129699707,-8.701000213623047,-8.71399974822998,-8.72599983215332,-8.739999771118164,-8.753000259399414,-8.767000198364258,-8.781999588012695,-8.79699993133545,-8.812000274658203,-8.82699966430664,-8.843000411987305,-8.859000205993652,-8.875,-8.890999794006348,-8.906999588012695,-8.92300033569336,-8.9399995803833,-8.956999778747559,-8.973999977111816,-8.991000175476074,-9.008000373840332
