public/data/output/wave_data_x2.grib.json
{"header": { "dx": 0.0007986013986013759, "dy": 0.0007999999999999802, "la1": 22.2612, "lo1": 114.1902, "la2": 22.178, "lo2": 114.3044, "nx": 144, "ny": 105, "refTime": "2000-01-01 00:00:00", "parameterUnit": "m.s-1", "parameterCategory": 2, "parameterNumber": 2, "parameterNumberName": "eastward" }, "data":
[rows 42 to 62 of 105, columns 47 to 93 of 144]
-3.8450000286102295,-3.690500020980835,-3.5332499742507935,-3.3375000953674316,-3.11175000667572,-2.8100000619888306,-2.3007499873638153,-1.6885000169277191,-1.415749967098236,-1.6795000433921814,-0.8172500133514404,0.0,0.0,0.0,0.0,0.0,0.0,0.0,0.0,0.0,0.0,0.0,0.0,0.0,0.0,0.0,0.0,0.0,0.0,-7.399999976158142,-7.471250057220459,-7.52524995803833,-8.021000027656555,-8.726749777793884,-9.528749942779541,-8.032749891281128,-7.74524998664856,-7.92425000667572,-8.013999938964844,-7.982999920845032,-7.947749972343445,-8.10224986076355,-9.638750076293945,-9.874249935150146,-9.972249984741211,-10.037500143051147,-10.087500095367432
-3.9544999599456787,-3.809749960899353,-3.7152499556541443,-3.66525000333786,-3.6014999747276306,-3.4667500257492065,-3.0707499980926514,-2.3760000467300415,-2.0419999957084656,-2.5897499918937683,-2.495425045490265,0.0,0.0,0.0,0.0,0.0,0.0,0.0,0.0,0.0,0.0,0.0,0.0,0.0,0.0,0.0,0.0,0.0,0.0,-1.6552499532699585,-6.518499970436096,-6.786249995231628,-7.042999863624573,-7.250749945640564,-7.360499978065491,-7.675999999046326,-7.9357500076293945,-7.9677499532699585,-7.9075000286102295,-7.791499972343445,-7.847749948501587,-8.061999797821045,-9.62874984741211,-9.864750146865845,-9.960749864578247,-10.02750015258789,-10.075000047683716
-4.271749973297119,-3.959250032901764,-3.690750002861023,-3.524749994277954,-3.494749963283539,-3.5727500319480896,-3.569249987602234,-3.056249976158142,-2.2235000133514404,-2.461249977350235,-3.831749975681305,-1.9279999732971191,0.0,0.0,0.0,0.0,0.0,0.0,0.0,0.0,0.0,0.0,0.0,0.0,0.0,0.0,0.0,0.0,0.0,0.0,-4.596249938011169,-6.28725004196167,-6.249500036239624,-6.137750029563904,-5.862249970436096,-1.5917500555529684,0.0,0.0,0.0,-5.509000062942505,-7.666999936103821,-8.006500124931335,-9.59500002861023,-9.841500043869019,-9.94350004196167,-10.010499954223633,-10.0625
-5.11900007724762,-4.736500024795532,-4.288750052452087,-3.816249966621399,-3.3767499923706055,-3.046500027179718,-2.9797500371932983,-3.0892499685287476,-2.7327499985694885,-1.5092500150203705,-1.6238750331103802,-1.0740000009536743,0.0,0.0,0.0,0.0,0.0,0.0,0.0,0.0,0.0,0.0,0.0,0.0,0.0,0.0,0.0,0.0,0.0,0.0,-3.020500063896179,-6.427999973297119,-6.667750000953674,-6.6597501039505005,-6.4674999713897705,-6.509000062942505,-4.666750103235245,-3.751249909405075,-2.6654999256134033,-5.3467501401901245,-7.5329999923706055,-7.88575005531311,-9.54800009727478,-9.814500093460083,-9.922249794006348,-9.991499900817871,-10.047500133514404
-7.140000104904175,-6.844750165939331,-6.440999984741211,-5.915250062942505,-5.25600004196167,-4.398500144481659,-2.908749997615814,-1.97325000166893,-1.115975022315979,-0.20600001513957977,0.6510774996131659,0.0,0.0,0.0,0.0,0.0,0.0,0.0,0.0,0.0,0.0,0.0,0.0,0.0,0.0,0.0,0.0,0.0,0.0,0.0,0.0,-4.378749966621399,-6.238250136375427,-6.57574999332428,-6.732749938964844,-6.844499945640564,-7.234000086784363,-7.692749857902527,-7.837000012397766,-7.56850004196167,-7.648000001907349,-7.955750107765198,-9.527250051498413,-9.791249990463257,-9.898749828338623,-9.972750186920166,-10.03000020980835
-7.634500026702881,-7.58899998664856,-7.4674999713897705,-7.233749985694885,-6.8450000286102295,-6.190250039100647,-4.533500015735626,-3.514500081539154,-2.3395000100135803,-0.8044749945402145,0.24914999678730965,0.0,0.0,0.0,0.0,0.0,0.0,0.0,0.0,0.0,0.0,0.0,0.0,0.0,0.0,0.0,0.0,0.0,0.0,0.0,0.0,0.0,-4.271499991416931,-6.095500111579895,-6.4397499561309814,-6.818000078201294,-7.157249927520752,-7.387250065803528,-7.505499958992004,-7.551750063896179,-7.627499938011169,-7.904249906539917,-9.496500015258789,-9.760999917984009,-9.872250080108643,-9.950999975204468,-10.011000156402588
-7.474250078201294,-7.606499910354614,-7.71150004863739,-7.760500073432922,-7.705999970436096,-7.411249995231628,-5.985000133514404,-5.3437501192092896,-4.600499927997589,-3.4537500739097595,-1.3204249888658524,0.0,0.0,0.0,0.0,0.0,0.0,0.0,0.0,0.0,0.0,0.0,0.0,0.0,0.0,0.0,0.0,0.0,0.0,0.0,0.0,0.0,0.0,-5.523249983787537,-6.130499958992004,-6.5644999742507935,-6.9105000495910645,-7.147250056266785,-7.3140000104904175,-7.435499906539917,-7.556000113487244,-7.857499957084656,-9.453500270843506,-9.725500106811523,-9.842999696731567,-9.927000045776367,-9.992000102996826
-6.8130000829696655,-7.006999969482422,-7.194750070571899,-7.363749980926514,-7.490249991416931,-7.472000002861023,-6.3062498569488525,-6.016000032424927,-5.699250102043152,-5.018250107765198,-1.2232500314712524,0.0,0.0,0.0,0.0,0.0,0.0,0.0,0.0,0.0,0.0,0.0,0.0,0.0,0.0,0.0,0.0,0.0,0.0,0.0,0.0,0.0,0.0,-2.51800000667572,-5.647499918937683,-6.260499954223633,-6.669750094413757,-6.9674999713897705,-7.18874979019165,-7.360249876976013,-7.522500038146973,-7.837000012397766,-9.407000064849854,-9.686499834060669,-9.812000036239624,-9.902250289916992,-9.973750114440918
-5.834499955177307,-6.055000066757202,-6.263499975204468,-6.454750061035156,-6.6232500076293945,-6.691249966621399,-5.7505000829696655,-5.653999924659729,-5.636250138282776,-5.5249998569488525,-3.9594999551786265,0.0,0.0,0.0,0.0,0.0,0.0,0.0,0.0,0.0,0.0,0.0,0.0,0.0,0.0,0.0,0.0,0.0,0.0,0.0,0.0,0.0,0.0,-1.121250033378601,-5.128499984741211,-5.853249907493591,-6.34974992275238,-6.710749983787537,-6.980249881744385,-7.19225001335144,-7.388500094413757,-7.732750058174133,-9.343500137329102,-9.644750118255615,-9.780499935150146,-9.878000020980835,-9.954750061035156
-4.603500008583069,-4.886500000953674,-5.144499897956848,-5.380499958992004,-5.596500039100647,-5.7200000286102295,-4.914499998092651,-4.898750066757202,-4.978749990463257,-5.049999952316284,-5.161499977111816,-5.271999955177307,-3.2777499556541443,0.0,0.0,0.0,0.0,0.0,0.0,0.0,0.0,0.0,0.0,0.0,0.0,0.0,0.0,0.0,0.0,0.0,0.0,0.0,0.0,0.0,-3.5160000324249268,-5.473749995231628,-6.111249923706055,-6.563249945640564,-6.897249937057495,-7.1557499170303345,-7.377749919891357,-7.740499973297119,-9.299999713897705,-9.606250047683716,-9.750499963760376,-9.855499982833862,-9.937999963760376
-3.071250021457672,-3.4539999961853027,-3.7985000610351562,-4.093999922275543,-4.336250066757202,-4.487749934196472,-3.890500009059906,-3.9320000410079956,-4.014750063419342,-4.05700010061264,-4.037249982357025,-3.865499973297119,-1.5640000104904175,0.0,0.0,0.0,0.0,0.0,0.0,0.0,0.0,0.0,0.0,0.0,0.0,0.0,0.0,0.0,0.0,0.0,0.0,0.0,0.0,0.0,-2.065000057220459,-5.021999955177307,-5.8167500495910645,-6.356500029563904,-6.746250033378601,-7.043999910354614,-7.289500117301941,-7.658749938011169,-9.2572500705719,-9.570249795913696,-9.724250078201294,-9.835500001907349,-9.9232497215271
-2.8487499952316284,-2.505999982357025,-2.3277499973773956,-2.5432499647140503,-2.8417499661445618,-3.0642499327659607,-2.7167499661445618,-2.8054999709129333,-2.865000009536743,-2.8575000166893005,-2.7742499709129333,-2.58774995803833,-1.3501499593257904,0.0,-0.23025000095367432,-0.33432500064373016,-0.04467500001192093,0.0,0.0,0.0,0.0,0.0,0.0,0.0,0.0,0.0,0.0,0.0,0.0,0.0,0.0,0.0,0.0,0.0,-1.7227500081062317,-4.582000136375427,-5.565000057220459,-6.19350004196167,-6.63824999332428,-6.9704999923706055,-7.239750146865845,-7.6250001192092896,-9.218000173568726,-9.541249752044678,-9.70199990272522,-9.819249868392944,-9.910999774932861
-4.2355000376701355,-4.003499925136566,-3.637499988079071,-2.9517500400543213,-2.268249988555908,-1.7342499792575836,-1.3233999907970428,-1.412175014615059,-1.4902499914169312,-1.491750031709671,-1.4043749868869781,-1.2328250110149384,-0.9903999716043472,-0.7710499837994576,-0.32960999570786953,0.11964750289916992,0.6559750027954578,0.5052350014448166,0.0,0.0,0.0,0.0,0.0,0.0,0.0,0.0,0.0,0.0,0.0,0.0,0.0,0.0,0.0,0.0,0.0,-4.188999950885773,-5.318750023841858,-6.038249969482422,-6.524500012397766,-6.882000088691711,-7.168499946594238,-7.576499938964844,-9.180000066757202,-9.520000219345093,-9.686749935150146,-9.808500051498413,-9.903749704360962
-4.951750040054321,-4.744250178337097,-4.4987499713897705,-4.199250042438507,-3.7960000038146973,-3.206749975681305,-2.2007500529289246,-1.4398000538349152,-0.7960799839347601,-0.41098000667989254,-0.04101500008255243,0.3705870134290308,0.8119749948382378,1.2069750130176544,1.551700010895729,1.8672500252723694,2.2517499923706055,2.194699987769127,0.0,0.0,0.0,0.0,0.0,0.0,0.0,0.0,0.0,0.0,0.0,0.0,0.0,0.0,0.0,0.0,0.0,-4.025500059127808,-5.214249968528748,-5.970749855041504,-6.489250063896179,-6.870500087738037,-7.17549991607666,-7.590499997138977,-9.176750183105469,-9.510999917984009,-9.6802499294281,-9.804500102996826,-9.901500225067139
-5.599249958992004,-5.385499954223633,-5.136500120162964,-4.849000096321106,-4.513749957084656,-4.046999931335449,-2.9692500233650208,-2.5212499499320984,-2.0972500443458557,-1.6677500009536743,-1.2458249926567078,-0.8412000089883804,-0.4590025097131729,-0.12337500229477882,0.1905749998986721,0.5578520080307499,1.0651750043034554,1.7719000428915024,0.06992500275373459,0.0,0.0,0.0,0.0,0.0,0.0,0.0,0.0,0.0,0.0,0.0,0.0,0.0,0.0,0.0,0.0,-4.009750068187714,-5.203999996185303,-5.9704999923706055,-6.496000051498413,-6.879499912261963,-7.179999947547913,-7.581500053405762,-9.174749851226807,-9.510999917984009,-9.68150019645691,-9.806249856948853,-9.903749942779541
-6.179250001907349,-5.982750058174133,-5.742249965667725,-5.4704999923706055,-5.165749907493591,-4.765749931335449,-3.5824999809265137,-3.152750015258789,-2.777999997138977,-2.418750047683716,-2.0847500264644623,-1.7822500169277191,-1.5074999928474426,-1.254074975848198,-1.0231999903917313,-0.8150499910116196,-0.6032999977469444,-0.3304200004786253,-2.83749992903079e-13,0.0,0.0,0.0,0.0,0.0,0.0,0.0,0.0,0.0,0.0,0.0,0.0,0.0,0.0,0.0,0.0,-4.028499901294708,-5.204750061035156,-5.966249942779541,-6.483749866485596,-6.855999946594238,-7.149749994277954,-7.562000036239624,-9.179500102996826,-9.520750045776367,-9.690500020980835,-9.814499855041504,-9.911499977111816
-6.633249878883362,-6.476500034332275,-6.269500017166138,-6.014749884605408,-5.733749985694885,-5.383250117301941,-4.150000035762787,-3.7357499599456787,-3.3862500190734863,-3.056500017642975,-2.7582499980926514,-2.5117499828338623,-2.3267500400543213,-2.1932500302791595,-2.065999984741211,-1.907749980688095,-1.6817500293254852,-1.3079500049352646,-0.45774999260902405,0.0,0.0,0.0,0.0,0.0,0.0,0.0,0.0,0.0,0.0,0.0,0.0,0.0,0.0,0.0,0.0,-4.097000002861023,-5.298750162124634,-6.049749970436096,-6.55174994468689,-6.908500075340271,-7.1897499561309814,-7.596500039100647,-9.204500198364258,-9.53849983215332,-9.705250263214111,-9.827499866485596,-9.923249959945679
-6.973250031471252,-6.862749934196472,-6.707249999046326,-6.504999995231628,-6.2512500286102295,-5.958750009536743,-5.2149999141693115,-4.7834999561309814,-4.371499955654144,-3.94950008392334,-3.5262500643730164,-3.1579999923706055,-2.98199999332428,-3.0657500624656677,-3.2582499980926514,-3.0475000143051147,-2.887499988079071,-2.537500023841858,-1.6352249830961227,0.0,0.0,0.0,0.0,0.0,0.0,0.0,0.0,0.0,0.0,0.0,0.0,0.0,0.0,0.0,0.0,-4.180249989032745,-5.4072500467300415,-6.146249890327454,-6.632749915122986,-6.993000030517578,-7.2825000286102295,-7.6584999561309814,-9.250999927520752,-9.561499834060669,-9.723999977111816,-9.843749761581421,-9.937999963760376
-7.307250022888184,-7.231500029563904,-7.122499942779541,-6.976750016212463,-6.78849995136261,-6.55174994468689,-6.252499938011169,-5.868250012397766,-5.415250062942505,-4.896250009536743,-4.303999900817871,-3.6632500290870667,-3.1144999861717224,-2.978749990463257,-3.5172500610351562,-3.7774999737739563,-3.946500062942505,-3.8209999799728394,-3.274500012397766,0.0,0.0,0.0,0.0,0.0,0.0,0.0,0.0,0.0,0.0,0.0,0.0,0.0,0.0,0.0,0.0,-3.5332499742507935,-5.83899986743927,-6.513000011444092,-6.918000102043152,-7.180999994277954,-7.392250061035156,-7.70074999332428,-9.278749942779541,-9.584749937057495,-9.744750022888184,-9.861999988555908,-9.954749822616577
-7.692999958992004,-7.639999985694885,-7.5612499713897705,-7.452000021934509,-7.3064998388290405,-7.116250038146973,-6.868499994277954,-6.551750063896179,-6.159999966621399,-5.6855000257492065,-5.11424994468689,-4.427499949932098,-3.63100004196167,-2.855750024318695,-2.4297500252723694,-2.6242499947547913,-3.4695000052452087,-3.825000047683716,-3.690500020980835,-0.44824999570987306,0.0,0.0,0.0,0.0,0.0,0.0,0.0,0.0,0.0,0.0,0.0,0.0,0.0,0.0,0.0,-5.4374998807907104,-6.457000017166138,-6.919249892234802,-7.102249979972839,-7.244750022888184,-7.413750052452087,-7.713749885559082,-9.302250146865845,-9.604750156402588,-9.764750242233276,-9.881750106811523,-9.973999977111816
-8.11299991607666,-8.08050000667572,-8.027000069618225,-7.946250081062317,-7.832749962806702,-7.680000066757202,-7.480999946594238,-7.228500008583069,-6.917249917984009,-6.5352500677108765,-6.0602500438690186,-5.468000054359436,-4.725750088691711,-3.816249966621399,-2.814999997615814,-1.6534999907016754,-1.0479250252246857,-0.7102449983358383,-0.5999249964952469,-0.12407500296831131,0.0,0.0,0.0,0.0,0.0,0.0,0.0,0.0,0.0,0.0,0.0,0.0,0.0,0.0,-2.6274999380111694,-6.193750023841858,-7.389749884605408,-3.6274999380111694,-7.101499915122986,-7.164499998092651,-7.368499994277954,-7.69825005531311,-9.30174994468689,-9.616250038146973,-9.782250165939331,-9.902250051498413,-9.994750022888184
