public/data/output/wave_data_x4.grib.json
{"header": { "dx": 0.0015971830985915298, "dy": 0.0015923076923078756, "la1": 22.261200000000002, "lo1": 114.19059999999999, "la2": 22.178399999999993, "lo2": 114.30399999999999, "nx": 72, "ny": 53, "refTime": "2000-01-01 00:00:00", "parameterUnit": "m.s-1", "parameterCategory": 2, "parameterNumber": 3, "parameterNumberName": "northward" }, "data":
[rows 19 to 37 of 53, columns 0 to 43 of 72]
1.190399995073676,1.0213250014930964,1.125943772494793,2.3096575676827342,3.3852500170469284,0.37334999069571495,0.0,0.0,0.0,0.0,0.0,0.0,0.0,0.0,0.0,0.0,0.0,0.0,0.0,0.0,1.1570874974131584,1.9614374935636902,8.337500069684201e-13,0.0,0.0,4.441125005483627,4.896937519311905,4.5014375150203705,2.9416875094260715,0.0,0.0,0.0,0.0,0.0,0.0,0.0,0.0,0.0,0.0,-0.2153875008225441,-0.08280374918831512,-0.2098624985665083,-0.31693750340491533,0.06549249950330704
3.4001875072717667,3.661187529563904,3.8509375005960464,3.6836249828338623,3.177312523126602,0.5386874973773956,0.0,0.0,0.0,0.0,0.0,0.0,0.0,0.0,0.0,0.0,0.0,0.0,0.0,-0.03135062521323562,1.0926874987781048,1.9586875140666962,1.8765000179432012,1.510062500834465,2.9208749383687973,4.810249954462051,4.995000004768372,4.905874967575073,2.881624999466095,0.0,0.0,0.0,0.0,0.0,0.0,0.0,0.0,0.0,0.0,0.0,0.0,0.014193749986588955,0.0958749963901937,-0.5582937598228455
2.047250010073185,2.4958124980330467,2.952687494456768,3.3196875005960464,0.49912625877186656,0.0,0.0,0.0,0.0,0.0,0.0,0.0,0.0,0.0,0.0,0.0,0.0,0.0,-0.6591812558472157,-0.11683562188409269,0.9885312654078007,1.6599375009536743,2.2279374971985817,2.6630000174045563,3.3408749848604202,4.2676249742507935,5.111249953508377,5.44318750500679,4.416500002145767,0.0,0.0,0.0,0.0,0.0,0.0,0.0,0.0,0.0,0.6624812446534634,1.2473750077188015,0.5039587445789948,-0.04854374780552462,0.058895625290460885,-0.34011756093241274
0.6246374975889921,0.438391252362635,0.07983750483253971,-0.19621875137090683,0.1464386160369031,0.0,0.0,0.0,0.0,0.0,0.0,0.0,0.0,0.0,0.0,0.0,0.0,-0.5903749987483025,-0.9286687560379505,0.13691375125199556,0.8312937542796135,1.3330624848604202,1.698124997317791,1.8831249997019768,2.0900000035762787,2.6393125280737877,3.630562484264374,4.173062488436699,4.000625014305115,0.4845000058412552,0.0,0.0,0.0,0.0,0.0,0.0,0.0,0.0,0.8089375048875809,1.180037498474121,0.6205900015775114,-0.00874593763716226,0.17804999835789204,0.10790250182617456
1.1791874840855598,0.9476250037550926,0.6472468855790794,0.3648874992504716,0.17546875402331352,0.0,0.0,0.0,0.0,0.0,0.0,0.0,0.0,0.0,0.0,0.0,-1.2798749953508377,-1.7678749933838844,-0.9352437481284142,-0.13479874888435006,0.5783562501892447,1.1875562593340874,1.7167500033974648,2.131000019609928,2.37474999576807,2.410562515258789,2.112812504172325,2.1056874841451645,1.369431246072054,0.0638125017285347,0.0,0.0,0.0,0.0,0.0,0.0,0.0,0.0,0.2842499911785126,1.6474374905228615,1.1054312512278557,0.812612496316433,0.05058624479012662,-0.20986124826595187
2.803624987602234,2.987249992787838,2.8350625038148487,0.47931250929960584,0.0,0.0,0.0,0.0,0.0,0.0,0.0,0.0,0.0,0.0,0.0,0.0,-1.6304999887943268,-1.7678749859333038,-1.2467624954879284,-0.5736812502145767,0.04473199974745512,0.5394937507808208,0.9308312572538853,1.311337485909462,1.733293753117323,2.1921250075101852,2.390999987721443,2.6694375053048134,2.350068747997284,0.0,0.0,0.0,0.0,0.0,0.0,0.0,0.0,0.0,0.0,0.37031250447034836,1.4018750041723251,0.7219437547028065,0.25887000199873,-0.008723812294192612
2.261375017464161,2.7493750154972076,3.4158124923706055,3.952249988916798,1.9723462299443781,0.4422500133563042,0.0,0.0,0.0,0.0,0.0,0.0,0.0,0.0,0.0,0.0,-0.57799999602139,-0.9759250050410628,-0.6080463666585274,-0.33572645030290005,-0.1949962512589991,-0.12055012499331497,-0.0845604375936091,-0.06241250270977616,-0.025562501046806574,0.04506874829530716,0.17688124952837825,0.39450856540497625,0.5332875000312791,0.0,0.0,0.0,0.0,0.0,0.0,0.0,0.0,0.0,0.0,0.0,0.9675625115633011,0.7432375028729439,0.2861687494441867,0.029371056458330713
1.7258750051259995,1.9076875150203705,2.209062524139881,2.696250006556511,3.12424997985363,3.78962504863739,4.071187525987625,0.25837498903274536,0.0,0.0,0.0,0.0,0.0,0.0,0.0,0.2086499985307455,0.42773437581490725,0.880800005979836,1.1700000055134296,1.2011437471956015,0.9495662493864074,0.45733875245787203,-0.13067750167101622,-0.5900374995544553,-0.8786937519907951,-1.138724997639656,-1.2684375010430813,-1.486562505364418,-1.880125030875206,-1.886874996125698,0.0,0.0,0.0,0.0,0.0,0.0,0.0,0.0,0.0,0.0,0.37718750536441803,0.6268375050276518,0.17698312440188602,-0.04886412484484026
1.6292500048875809,1.7006250023841858,1.80918750166893,1.9374375119805336,1.7402500212192535,2.0489999800920486,2.871750019490719,1.6880000084638596,0.0,0.0,0.0,0.0,0.20106874965131283,0.22907874919474125,0.0,0.0,0.48531249165534973,1.3471250012516975,1.9576874896883965,2.1863750144839287,2.247625008225441,2.2320625111460686,2.3809999972581863,1.7602187506854534,0.8721949933096766,-0.1086775022558868,-0.8810268682427704,-1.4104125052690506,-1.9593749940395355,-2.0663750171661377,-1.232625000178814,-1.5857500433921814,-0.31498749321326613,0.0,0.0,0.0,0.0,0.0,0.0,0.0,0.09911875054240227,0.2510106907284353,-0.054646998760290444,-0.19264187617227435
1.0459937527775764,1.0223124958574772,0.9825312606990337,0.8795500006526709,0.5697018735809252,0.41365625197067857,0.5619962518103421,0.684312492609024,0.0,0.0,0.0,-0.07398749981075525,0.33884269051486626,0.9162749983370304,0.03460625000298023,0.0,0.0,0.2554375007748604,1.0161875188350677,2.312687501311302,2.971812516450882,3.1388749927282333,3.9402499943971634,3.9890000224113464,3.8759374916553497,3.5277499854564667,2.642450015991926,1.7266250187531114,1.2282562479376793,0.8490175009937957,0.5557062542065978,0.04893748462200165,-0.24486594583140686,0.0,0.0,0.0,0.0,0.0,0.0,0.0,0.0,-0.3316350637760479,-0.3719312520697713,-0.3764812536537647
-0.1612156245391816,-0.3187793758697808,-0.6227124966681004,-1.1161587659735233,-1.2625187560915947,-0.0492437481880188,0.0,0.0,0.0,0.0,-0.3166937567293644,-0.5157375000417233,-0.4324625008739531,-0.3570212514459854,-0.0875562506262213,-0.009143750183284283,0.0,0.0,0.0,0.0,2.099250003695488,3.0018749982118607,3.8338125199079514,4.044624969363213,4.209124967455864,4.319000065326691,4.025937497615814,3.75900000333786,3.8728124499320984,3.962624967098236,4.277499943971634,4.295687481760979,2.1692499965431944,0.0,0.0,0.0,0.0,0.0,0.0,0.0,0.0,-0.9112937562167645,-0.6930875033140182,-0.5496312454342842
-1.4324375092983246,-1.8499374985694885,-2.5518750101327896,-3.4030000120401382,-1.6738125085830688,0.0,0.0,0.0,0.0,0.0,-0.7639437429606915,-1.0986437387764454,-1.0233812481164932,-1.007393755018711,-0.9047187529504299,-0.42731250263750553,0.0,0.0,0.0,0.0,1.0696875303983688,2.3546874821186066,3.036812484264374,3.265125036239624,3.5650625228881836,3.9450624883174896,4.25537496805191,4.3893124759197235,4.342062518000603,3.8409999907016754,3.838000014424324,4.3666249960660934,4.333437494933605,0.0,0.0,0.0,0.0,0.0,0.0,0.0,0.0,-1.3440624922513962,-0.9084249883890152,-0.6435250006616116
-0.7035975055769086,-0.8634000029414892,-1.4750958067015745,-2.19124998152256,-0.6591187510639429,0.0,-0.0925000011920929,-0.4543312434107065,-0.31426249351352453,-0.9998374972492456,-1.4808124974370003,-1.220687486231327,-1.227875016629696,-1.2985812574625015,-1.4381874967366457,-0.6080750003457069,0.0,0.0,0.0,0.5412499979138374,1.2414375022053719,1.865187481045723,2.502312496304512,2.705437481403351,2.9371874928474426,3.221499964594841,3.5731249898672104,3.975562497973442,4.324750021100044,4.278062537312508,3.2848125100135803,1.3776450157165527,0.6987750141415745,0.0683187507094469,0.0,0.0,0.0,0.0,0.0,0.0,-0.38731250166893005,-1.9649187363684177,-0.5350799965672195,-0.5044499915093184
0.2753375004976988,0.4856437537819147,0.7685250006616116,0.6794062498956919,0.5643250029534101,-0.05962812481448054,-1.0946687422692776,-0.8152187503874302,-0.6798375025391579,-0.889750000089407,-1.12873749807477,-1.3896250054240227,-1.7951875030994415,-2.4755000099539757,-0.6059374958276749,0.0,0.0,0.0,0.0,0.9861124828457832,1.3750625029206276,1.570687510073185,2.085374988615513,2.237562522292137,2.3993124961853027,2.578062489628792,2.8076875060796738,3.121749982237816,3.531000003218651,3.9625000059604645,4.024937495589256,2.60012499243021,0.25315625220537186,0.0,0.0,0.0,0.0,0.0,0.0,0.0,0.0,0.0,0.0,-0.22808174963574857
0.5363562479615211,0.5615124981850386,0.5868999995291233,0.5785937495529652,0.34913125075399876,-0.09809500095434487,-0.5807624980807304,-0.7130687460303307,-0.8608500063419342,-1.1192374899983406,-1.5018125176429749,-2.19906248152256,-3.256750002503395,-2.4416249990463257,0.0,0.0,0.0,0.0,1.479837503284216,1.2382812574505806,1.2574999928474426,1.3081250041723251,1.6529375091195107,1.7320000007748604,1.8326249867677689,1.9546250104904175,2.1052499935030937,2.297812521457672,2.538500025868416,2.827249974012375,3.12637497484684,2.7069375216960907,1.0561250001237181,0.0,0.0,0.0,0.0,0.0,0.0,0.0,0.0,0.0,0.0,0.00273749977350235
0.78091249614954,0.8251374997198582,0.8327374942600727,0.7783312499523163,0.6367937531322241,0.4014881276525557,0.062389997066929936,-0.43480625632219017,-0.8882312513887882,-0.9976437501609325,-1.0117499735206366,-1.38808124512434,-2.1402499973773956,-0.9284375011920929,0.0,0.0,0.0,0.0,0.7647500038146973,1.534437507390976,0.6703187413540173,1.0976875200867653,1.3453750014305115,1.336250014603138,1.3658125028014183,1.4256874918937683,1.507437489926815,1.6041874960064888,1.7138750031590462,1.8431249931454659,2.00925000756979,1.8633124977350235,2.1068750098347664,1.509662488475951,0.5245812498042178,-0.0947750024497509,-0.32456249743703003,-0.776687502861023,-1.1740500181913376,-0.1670999974012375,0.0,-0.5901820194048923,-1.138937495648861,-0.24537499248981476
0.5741187464445829,0.605400001630187,0.6126624997705221,0.579562496393919,0.5066687483340502,0.4159937482327223,0.3150437492877245,0.1488963735755533,-0.12360375188291073,-0.23928375192917883,0.11245874967426062,0.33603125158697367,-0.08023999910801649,-0.4927012531552464,0.0,0.0,0.0,0.0,0.13327499851584435,1.286187507212162,1.2844375036656857,1.1238749995827675,1.2777500003576279,1.1966874971985817,1.1555625051259995,1.1444375067949295,1.1564999967813492,1.1898125112056732,1.2413125038146973,1.306437499821186,1.38943749666214,1.210624985396862,1.2789375111460686,1.1943125054240227,0.7585562393069267,-0.020481872372329235,-0.7002875003963709,-1.086287498474121,-1.1543750017881393,-1.1356249935925007,-1.0203749984502792,-1.2562500089406967,-1.341059369035185,-0.14262500405311584
0.3480500038713217,0.33035624772310257,0.3245562482625246,0.3192749973386526,0.30981875117868185,0.3197187492623925,0.41225624829530716,0.6447999943047762,0.8748500049114227,0.6868937518447638,0.255214998498559,0.2601681239902973,0.7355095595048624,0.4583124965429306,0.0,0.0,0.0,0.0,0.0,1.3294375017285347,1.543000005185604,1.1641250178217888,1.2193124890327454,1.1126875057816505,1.0653750076889992,1.0500124990940094,1.0485625267028809,1.0496249869465828,1.051125019788742,1.0581874996423721,1.098750002682209,0.8918312415480614,0.8093375042080879,0.6516437530517578,0.37292500026524067,-0.028779563028365374,-0.4062999989837408,-0.6839312501251698,-0.841068759560585,-0.9210375025868416,-0.9430562406778336,-0.9108625017106533,-0.7631500046700239,-0.9995750058560354
0.38304375298321247,0.3406875040382147,0.30515625327825546,0.27054375130683184,0.23056875076144934,0.21076874900609255,0.27375624794512987,0.44127500243484974,0.5760562531650066,0.4899125024676323,0.16989881172776222,-0.11889999965205789,0.03155312476155814,0.24538125470280647,0.0,0.0,0.0,0.0,0.0,0.30275000631809235,1.6511874943971634,1.166106253862381,1.0860562585294247,0.9481062516570091,0.8987437449395657,0.8886624947190285,0.8942812457680702,0.9031874909996986,0.9092874974012375,0.9117374941706657,0.9241624921560287,0.87109375,0.74931875243783,0.5869500078260899,0.3501687478274107,0.06960349989822134,-0.2148412512615323,-0.44904374703764915,-0.6143687553703785,-0.719956248998642,-0.7752749994397163,-0.7912312559783459,-0.7994812577962875,-0.9027312472462654
