public/data/output/wave_data_x8.grib.json
{"header": { "dx": 0.0031942857142861873, "dy": 0.0031538461538464556, "la1": 22.261199999999995, "lo1": 114.19140000000002, "la2": 22.179199999999987, "lo2": 114.30320000000003, "nx": 36, "ny": 27, "refTime": "2000-01-01 00:00:00", "parameterUnit": "m.s-1", "parameterCategory": 2, "parameterNumber": 3, "parameterNumberName": "northward" }, "data":
[rows 0 to 22 of 27, columns 0 to 35 of 36]
0.0,0.0,0.0,0.0,0.0,0.0,0.0,0.0,0.0,0.0,0.0,0.0,0.0,0.0,0.0,0.0,0.0,0.0,0.0,0.0,-0.11162500083455014,-0.14062937418930233,-0.04219187516719103,-0.038501250091940165,-0.033528749947436154,-0.029526249738410115,-0.02442312508355826,-0.018576874979771674,-0.014725000248290598,-0.012038999877404422,-0.009963812597561628,-0.008367062488105148,-0.0069929999590385705,-0.0023938750091474503,-0.0019116874755127355,-0.003524071370650615
0.0,0.0,0.0,0.0,0.0,0.0,0.0,0.0,0.0,0.0,0.0,0.0,0.0,0.0,0.0,0.0,0.0,0.0,0.0,0.0,-0.015443749376572669,-0.08865610948851099,-0.11060656240442768,-0.09769140655407682,-0.0801893750904128,-0.0663285935879685,-0.0542293751204852,-0.04358937538927421,-0.03544390635215677,-0.029153125098673627,-0.024225624918472022,-0.020346875026007183,-0.012156156153650954,-0.012508671818068251,-0.010841062488907482,-0.008501732156478934
0.0,0.0,0.0,0.0,0.0,0.0,0.0,0.0,0.0,0.0,0.0,0.0,0.0,0.0,0.0,0.0,0.0,0.0,0.0,0.0,-0.11774531163973734,-0.2688148902452667,-0.2558343738783151,-0.1975203121546656,-0.15229062479920685,-0.12189109262544662,-0.09966484305914491,-0.08186703093815595,-0.067210937384516,-0.0546150000882335,-0.045468593772966415,-0.01275578120839782,0.0,-0.01256171878776513,-0.021612812430248596,-0.01650196436925658
0.0,0.0,0.0,0.0,0.0,0.0,0.0,0.0,0.0,0.0,0.0,0.0,0.0,0.0,0.0,0.0,0.0,0.0,0.0,0.0,-0.8487515635788441,-0.6734531261026859,-0.40767499851062894,-0.291339062852785,-0.21525937574915588,-0.17020468786358833,-0.1396921881241724,-0.11574984400067478,-0.08526328101288527,-0.018295156303793192,-0.02222015638835728,0.0,0.0,-0.02684187504928559,-0.03174609364941716,-0.024324642860197594
0.0,0.0,0.0,0.0,0.0,0.0,0.0,0.0,0.0,0.0,0.0,0.0,0.0,0.0,0.0,0.0,0.0,0.0,0.0,0.08089687349495833,-1.3907343801110983,-0.780256250873208,-0.5040046870708466,-0.3497421848587692,-0.25823749927803874,-0.20597187569364905,-0.17109843879006803,-0.14396093785762787,-0.049426562152802944,-0.006959687569178641,-0.0809018750442192,-0.012785624945536256,0.0,-0.009414218831807375,-0.04149593733018264,-0.0319230356918914
0.0,0.0,0.0,0.0,0.0,0.0,0.0,0.0,0.0,0.0,0.0,0.0,0.0,0.0,0.0,0.0,0.0,0.0,-0.3552039027563296,-0.9864171845838428,-1.0331281255930662,-0.652548436075449,-0.4990375000052154,-0.35348281264305115,-0.27430468797683716,-0.22686406201682985,-0.1935390615835786,-0.16622343729250133,-0.04868281213566661,0.0,-0.06846281245816499,-0.07683375023771077,-0.0052917186403647065,-0.03828906250419095,-0.0508376564248465,-0.03926660719194582
0.0,0.0,0.0,0.0,0.0,0.0,0.0,0.0,0.0,0.0,0.3881249986588955,0.03922968730330467,-8.232812624990246e-14,0.0,0.0,0.0,0.0,0.0,0.4172373270848766,-0.06805462584452471,-0.4289531253743917,-0.4425062513910234,-0.383521874435246,-0.3185671870596707,-0.2699218741618097,-0.2353031246457249,-0.20808281237259507,-0.18346093827858567,-0.11679374962113798,-0.05611875047907233,-0.044662499451078475,-0.10158625012263656,-0.06317578116431832,-0.0565999997779727,-0.05975390603998676,-0.046313035900571516
0.0,0.0,0.0,0.0,0.0,0.0,0.0,0.0,0.0,0.0,0.08490625023841858,0.7482078121975064,0.45939062487743787,0.7335703112188442,0.0,0.0,0.0,0.0,0.0,-0.011695593682816252,-0.22676093806512654,-0.3007609392516315,-0.29787812661379576,-0.2784578134305775,-0.25692187366075814,-0.23645156295970082,-0.21665468765422702,-0.1960234383586794,-0.17332343757152557,-0.1518484391272068,-0.048370312550105155,-0.09313125000335276,-0.09858999995049089,-0.08349765639286488,-0.06814843724714592,-0.0529717856885067
-0.7277546846307814,-1.6290959401521832,-0.2724375035613775,0.0,0.0,0.0,0.0,0.0,0.0,0.0,0.0,0.008518749848008156,1.5974328087177128,3.3105781432269,0.0,0.0,0.0,0.0,0.0,-0.011100234289187938,-0.208360938122496,-0.237842186819762,-0.2116853128245566,-0.24334218725562096,-0.24403437436558306,-0.23548749973997474,-0.2220562503207475,-0.2057984375860542,-0.18516718735918403,-0.16412499942816794,-0.1280312503222376,-0.12522499996703118,-0.10912765597458929,-0.09275890665594488,-0.07588875025976449,-0.05910946435428092
-2.6568906232714653,-2.847548907622695,-0.4244296937249601,0.0,0.0,0.0,0.0,0.0,0.0,0.0,0.19551874930039048,0.0,2.316265620291233,3.7805937342356937,0.29564063251018524,0.0,0.0,0.0,0.0,-0.17063437402248383,-0.2652046901639551,-0.16426093725021929,-0.15784937533317134,-0.21933437488041818,-0.23653906164690852,-0.236693749204278,-0.2278687502257526,-0.21460781199857593,-0.19611562509089708,-0.17551093827933073,-0.1535312500782311,-0.13547187543008476,-0.11890000000130385,-0.10117843758780509,-0.0828528122510761,-0.06460857138569866
2.3182750083506107,2.742540955901859,1.8686500070616603,0.0,0.0,0.0,0.0,0.0,0.0,-0.007837656303308904,1.5424750009554125,0.846640629694625,3.043062474578619,4.82481250166893,1.4558281272230416,0.0,0.0,0.0,0.0,-0.053846875205636024,-0.06961812444205862,-0.178465941833565,-0.13504870353790466,-0.2150062492582947,-0.23771718749776483,-0.24223125027492642,-0.23594218702055514,-0.224159374833107,-0.20725468778982759,-0.186457812320441,-0.163653124589473,-0.14487656229175627,-0.12798593728803098,-0.10862906253896654,-0.08896359370555729,-0.06938875007576176
1.4015228145144647,1.5389984371286118,0.16139121870219242,0.0,0.0,0.0,0.0,0.0,-0.14759374968707561,-0.3919429706293158,1.2032062513753772,2.1180468779057264,3.08445312269032,4.58951560780406,2.2254062555730343,0.0,0.0,0.0,0.0,0.9747078139334917,0.2668147651784548,0.0011826411355286837,-0.19093640649225563,-0.2261624988168478,-0.2491999992635101,-0.2545359374489635,-0.2479218749795109,-0.23576093628071249,-0.21906249970197678,-0.1971500003710389,-0.1731312503106892,-0.153492187615484,-0.1358750006183982,-0.11518906243145466,-0.09418171888682991,-0.07341392843851022
1.979421867057681,1.0816273494860014,0.04386718850582838,0.0,0.0,0.0,0.0,0.0,-1.6115312408655882,-0.7226215606788173,0.587534565012902,1.522479691542685,2.177682817913592,2.3197343703359365,0.9458281239494681,0.0,0.0,0.0,0.0,0.5754999965429306,1.010465626604855,0.022717796557178035,-0.1579412497812882,-0.2433062505442649,-0.2728281239978969,-0.27547656232491136,-0.26508437376469374,-0.2503999995533377,-0.2317921887151897,-0.20765781216323376,-0.18194531183689833,-0.16122187487781048,-0.1426812494173646,-0.12065937486477196,-0.09844953159336,-0.07664160723132747
2.1610781382769346,3.0683437529959487,2.3321178179479256,1.0823906287550926,0.0,0.0,0.0,0.05216249963268638,-0.06134765481692739,0.3568427339369009,0.27283965639799135,-0.2169219853822142,-0.49947812559548765,-0.5459025478685362,-0.8084281317424062,0.0,0.0,0.0,0.0,0.0,0.6787062562070787,0.11091470136489079,-0.20361765555571765,-0.2980906234588474,-0.31551562529057264,-0.30639843782410026,-0.28744687605649233,-0.26792500214651227,-0.24485312518663704,-0.21731249964796007,-0.18988750036805868,-0.16778593650087714,-0.14825156284496188,-0.1250015627592802,-0.10171109391376376,-0.07903857156634331
1.349545313976705,1.402176568750292,1.1931520317157265,1.4515146930934861,0.0,-0.018496874952688813,0.4213162969244877,0.008651562500745058,0.5219687484204769,1.8682343810796738,2.647593757137656,3.0176171911880374,2.0418012420414016,0.5194089153083041,-0.48711906556854956,-0.553432826185599,-0.13996335976116825,0.0,0.0,0.0,0.004623594373697415,-0.2489253451640252,-0.3774187488015741,-0.3985843751579523,-0.37647343846037984,-0.34510781336575747,-0.31331093702465296,-0.28624687204137444,-0.2568781247828156,-0.22588125034235418,-0.1963187495712191,-0.17279062513262033,-0.15229062433354557,-0.1280390628380701,-0.1038687500404194,-0.08056160674563476
-0.9405925020691939,-1.9234365712036379,-0.7463937532156706,0.0,0.0,-0.6737546846270561,-0.7050646888637857,-0.35718281409936026,0.0,0.0,2.131375003606081,3.5450937524437904,4.009562510997057,4.107406236231327,4.004624981433153,4.1944531090557575,1.6256718728692,0.0,0.0,0.0,-0.5638390621170402,-0.6986671844497323,-0.572290625423193,-0.5096687464974821,-0.44081718707457185,-0.38367343693971634,-0.33864687476307154,-0.30071562388911843,-0.2659125002101064,-0.23144531226716936,-0.20049218693748116,-0.17571093747392297,-0.15431406372226775,-0.1296249993611127,-0.10481546842493117,-0.08113678571368967
-0.20150406355969608,-0.5546036344167078,-0.038605468231253326,-0.6141796843148768,-0.7209218733478338,-1.30496562179178,-1.6992859467864037,-0.6630499982275069,0.0,0.38184062018990517,1.5130937490612268,2.382671872153878,2.7840156108140945,3.3695312440395355,4.024078141897917,2.8218800034374,0.2550625042640983,0.0,0.0,0.0,-0.588057809509337,-0.3169029344280716,-0.6465312484651804,-0.5969687504693866,-0.4922968717291951,-0.4133109371177852,-0.3561734380200505,-0.3081312505528331,-0.2705093752592802,-0.23331718728877604,-0.20160468737594783,-0.1761062501464039,-0.1540984376333654,-0.12957812449894845,-0.10446484351996332,-0.08070571467812572
0.6759796855039895,0.6941406233236194,0.3223295326461084,-0.41656187584158033,-0.9664906244724989,-1.525176554452628,-2.1917656250298023,0.0,0.0,1.2543265679851174,1.0834078146151376,1.5166406314820051,1.6446874979883432,1.8786718752235174,2.2306874990463257,2.426468750461936,1.168165624608609,0.10745156183861672,-0.27531250007451324,-0.33528750389814377,-0.14754550485122309,-0.34539374709129333,-0.6860390659421682,-0.6602015616372228,-0.5179890627041459,-0.425521875731647,-0.3578843744471669,-0.3045375016517937,-0.26753593632020056,-0.2302062502130866,-0.19911875086836517,-0.1737359371036291,-0.1515750007238239,-0.1277515625115484,-0.10281156247947365,-0.07924196469996657
0.46448124991729856,0.4590140604414046,0.3880499992519617,0.3802490913658403,0.29971406323602423,0.24096828093752265,0.15522020094613254,0.0,0.0,0.6872250018641353,1.2788593815639615,1.2016093730926514,1.1038468796759844,1.1111250054091215,1.1642656307667494,1.147660931572318,0.9835578184574842,0.2705549510428682,-0.7192015619948506,-1.0130265643820167,-1.0326359374448657,-0.8116023459035901,-0.8433671919628978,-0.657531252130866,-0.5073843747377396,-0.4121531257405877,-0.34287343826144934,-0.29133281437680125,-0.2579171862453222,-0.2219906256068498,-0.19281718786805868,-0.16861875052563846,-0.14697187580168247,-0.12441406247671694,-0.10001375037245452,-0.07675607183149882
0.39033281337469816,0.32632343866862357,0.28528281301259995,0.4174031235743314,0.6358468728139997,0.4870543865254149,0.42473202984183445,0.0,0.0,0.07568750157952309,1.084234374575317,0.903068752028048,0.8011374976485968,0.8136781202629209,0.8191437479108572,0.7831921866163611,0.5759906284511089,0.18474490611697547,-0.27450187428621575,-0.5748046897351742,-0.6954046878963709,-0.7629765626043081,-0.7766859354451299,-0.5731374979950488,-0.4560781233012676,-0.3752218745648861,-0.31519843684509397,-0.2713515628129244,-0.24118906352669,-0.20891093742102385,-0.18299062550067902,-0.1612343757878989,-0.1410781245213002,-0.12041874986607581,-0.0965646873228252,-0.07323357156877007
0.1518403437003144,0.04462015647004591,-0.01728390553034842,-0.01911359472433105,0.08753729502495844,0.447412341251038,0.5432140624616295,0.0,0.0,0.0,0.05665296991355717,0.24209828015591484,0.42746093892492354,0.5104734366759658,0.5203031254932284,0.4605781277641654,0.32188593805767596,0.10960753568633663,-0.12751500023296103,-0.31350937648676336,-0.42975781252607703,-0.4927562493830919,-0.4970609387382865,-0.44522656220942736,-0.3815453117713332,-0.32659843610599637,-0.2782593744341284,-0.24360937485471368,-0.21858906303532422,-0.1921890622470528,-0.17041406175121665,-0.152526562102139,-0.13598281261511147,-0.11810937512200326,-0.09391109354328364,-0.06842678579102669
0.05694853041495662,0.02376510873727966,0.027442186896223575,0.09708484295697417,0.3319440638879314,0.8343062535859644,1.3046499863266945,0.10529609548393637,-0.14402343798428774,-0.4465093738399446,-1.0590796903707087,-0.2663887038361281,0.15376669164288614,0.2872031244914979,0.31753281224519014,0.28154999879188836,0.18933437461964786,0.062126304884031924,-0.07513750014186371,-0.19112031196709722,-0.27684218855574727,-0.32352812495082617,-0.33962031081318855,-0.32978437561541796,-0.3030078145675361,-0.26888281269930303,-0.23424999881535769,-0.21032187552191317,-0.1914140626322478,-0.17252187500707805,-0.15619531320407987,-0.1434499998576939,-0.13458437519147992,-0.1269093748414889,-0.09730875003151596,-0.060817499711577384
0.19530937517993152,0.1990406254772097,0.22186406212858856,0.29089843737892807,0.4380718772299588,0.6784875015728176,0.8304703095927835,0.42041221939143725,0.04743179121851426,-0.2487187425502384,-0.35406406223773956,-0.15991437510820106,0.06437457807987812,0.16311562526971102,0.18993125041015446,0.16885312495287508,0.11238156264880672,0.03554384124299759,-0.04931437496270519,-0.12422093725763261,-0.1811328127514571,-0.22239999822340906,-0.24569843732751906,-0.2500156257301569,-0.2368140632752329,-0.21075468719936907,-0.18785781250335276,-0.1770984372124076,-0.16622500028461218,-0.15499843773432076,-0.14380781259387732,-0.13494375115260482,-0.13374531210865825,-0.1594828125089407,-0.10791890585096553,-0.05471517868656
