public/data/output/wave_data_x1.grib.json
{"header": { "dx": 0.00040000000000001184, "dy": 0.0003999999999999857, "la1": 22.2614, "lo1": 114.19, "la2": 22.1778, "lo2": 114.3044, "nx": 287, "ny": 210, "refTime": "2000-01-01 00:00:00", "parameterUnit": "m.s-1", "parameterCategory": 2, "parameterNumber": 3, "parameterNumberName": "northward" }, "data":
[rows 126 to 146 of 210, columns 47 to 93 of 287]
-1.4140000343322754,-1.472000002861023,-1.531999945640564,-1.593999981880188,-1.656000018119812,-1.715000033378601,-1.7710000276565552,-1.8079999685287476,-2.494999885559082,-2.5929999351501465,0.0,0.0,0.0,0.0,0.0,0.0,0.0,0.0,0.0,0.0,0.0,0.0,0.0,0.0,0.0,0.0,0.0,0.0,0.0,0.0,1.277999997138977,1.3029999732971191,1.3229999542236328,1.3489999771118164,1.3819999694824219,1.4210000038146973,1.465000033378601,1.590000033378601,1.6380000114440918,1.690999984741211,1.8279999494552612,2.181999921798706,2.2249999046325684,2.2690000534057617,2.313999891281128,2.3580000400543213,2.4010000228881836
-1.4550000429153442,-1.5269999504089355,-1.6009999513626099,-1.6759999990463257,-1.7549999952316284,-1.8359999656677246,-1.9240000247955322,-2.006999969482422,-2.8589999675750732,-3.3949999809265137,0.0,0.0,0.0,0.0,0.0,0.0,0.0,0.0,0.0,0.0,0.0,0.0,0.0,0.0,0.0,0.0,0.0,0.0,0.0,0.0,1.2879999876022339,1.2769999504089355,1.3140000104904175,1.3450000286102295,1.3760000467300415,1.4079999923706055,1.440999984741211,1.4769999980926514,1.5759999752044678,1.6200000047683716,1.746999979019165,2.0820000171661377,2.121000051498413,2.1589999198913574,2.1989998817443848,2.240999937057495,2.2839999198913574
-1.5130000114440918,-1.6230000257492065,-1.7400000095367432,-1.8680000305175781,-2.0139999389648438,-2.1730000972747803,-2.364000082015991,-2.5810000896453857,-3.2839999198913574,-3.7070000171661377,0.0,0.0,0.0,0.0,0.0,0.0,0.0,0.0,0.0,0.0,0.0,0.0,0.0,0.0,0.0,0.0,0.0,0.0,0.0,0.0,1.1380000114440918,1.2259999513626099,1.2899999618530273,1.3279999494552612,1.3580000400543213,1.3860000371932983,1.4129999876022339,1.440999984741211,1.468999981880188,1.5420000553131104,1.6640000343322754,1.9819999933242798,2.015000104904175,2.0480000972747803,2.0829999446868896,2.11899995803833,2.1570000648498535
-1.6859999895095825,-1.8550000190734863,-2.0480000972747803,-2.26200008392334,-2.5,-2.7639999389648438,-3.0490000247955322,-3.3440001010894775,-3.634000062942505,0.0,0.0,0.0,0.0,0.0,0.0,0.0,0.0,0.0,0.0,0.0,0.0,0.0,0.0,0.0,0.0,0.0,0.0,0.0,0.0,0.8597999811172485,1.0729999542236328,1.1690000295639038,1.2389999628067017,1.2829999923706055,1.319000005722046,1.3509999513626099,1.3760000467300415,1.3990000486373901,1.4220000505447388,1.4520000219345093,1.5750000476837158,1.88100004196167,1.906000018119812,1.934999942779541,1.965000033378601,1.996000051498413,2.0280001163482666
-1.99399995803833,-2.2330000400543213,-2.506999969482422,-2.806999921798706,-3.115000009536743,-3.4170000553131104,-3.628999948501587,-4.98799991607666,0.0,0.0,0.0,0.0,0.0,0.0,0.0,0.0,0.0,0.0,0.0,0.0,0.0,0.0,0.0,0.0,0.0,2.177999973297119,1.5230000019073486,0.9948999881744385,0.8985000252723694,0.9965000152587891,1.1039999723434448,1.1799999475479126,1.225000023841858,1.2549999952316284,1.2799999713897705,1.3009999990463257,1.3209999799728394,1.340999960899353,1.3619999885559082,1.3869999647140503,1.4850000143051147,1.7730000019073486,1.7960000038146973,1.8200000524520874,1.8459999561309814,1.8730000257492065,1.9010000228881836
-2.372999906539917,-2.6619999408721924,-2.9760000705718994,-3.2980000972747803,-3.5880000591278076,-3.7330000400543213,-4.914000034332275,-4.5929999351501465,0.0,0.0,0.0,0.0,0.0,0.0,0.0,0.0,0.0,0.0,0.0,0.0,0.0,0.0,0.0,0.0,0.0,1.8769999742507935,1.652999997138977,1.409000039100647,1.2740000486373901,1.2280000448226929,1.2050000429153442,1.2079999446868896,1.222000002861023,1.2359999418258667,1.2519999742507935,1.2680000066757202,1.2829999923706055,1.2970000505447388,1.3109999895095825,1.3250000476837158,1.3990000486373901,1.6640000343322754,1.690000057220459,1.7089999914169312,1.7300000190734863,1.7519999742507935,1.7760000228881836
-2.9719998836517334,-3.2920000553131104,-3.615000009536743,-3.9189999103546143,-4.178999900817871,-3.510999917984009,-4.241000175476074,0.0,0.0,0.0,0.0,0.0,0.0,0.0,0.0,0.0,0.0,0.0,0.0,0.0,0.0,0.0,0.0,0.0,0.0,2.0920000076293945,1.784999966621399,1.5729999542236328,1.4329999685287476,1.3509999513626099,1.2970000505447388,1.25,1.2380000352859497,1.2300000190734863,1.2380000352859497,1.2450000047683716,1.246000051498413,1.2450000047683716,1.2450000047683716,1.25600004196167,1.347000002861023,1.5809999704360962,1.5920000076293945,1.6050000190734863,1.621000051498413,1.6380000114440918,1.656999945640564
-2.88700008392334,-3.1579999923706055,-3.4110000133514404,-3.621999979019165,-3.7260000705718994,-2.88100004196167,-3.1589999198913574,0.0,0.0,0.0,0.0,0.0,0.0,0.0,0.0,0.0,0.0,0.0,0.0,0.0,0.0,0.0,0.0,0.0,0.0,0.0,1.8250000476837158,1.6440000534057617,1.5180000066757202,1.4240000247955322,1.3530000448226929,1.2860000133514404,1.2450000047683716,1.2259999513626099,1.2400000095367432,1.2519999742507935,1.246999979019165,1.2339999675750732,1.2209999561309814,1.2120000123977661,1.2630000114440918,1.4919999837875366,1.5,1.5089999437332153,1.5190000534057617,1.531999945640564,1.5460000038146973
-2.493000030517578,-2.7190001010894775,-2.9240000247955322,-3.075000047683716,-3.056999921798706,-2.2260000705718994,-2.1429998874664307,0.0,0.0,0.0,0.0,0.0,0.0,0.0,0.0,0.0,0.0,0.0,0.0,0.0,0.0,0.0,0.0,0.0,0.0,0.0,1.7589999437332153,1.6540000438690186,1.5670000314712524,1.4800000190734863,1.3960000276565552,1.3109999895095825,1.2089999914169312,1.1890000104904175,1.2680000066757202,1.2979999780654907,1.2669999599456787,1.225000023841858,1.1929999589920044,1.1720000505447388,1.2200000286102295,1.4160000085830688,1.4220000505447388,1.4240000247955322,1.4290000200271606,1.4359999895095825,1.4450000524520874
-1.9950000047683716,-2.2049999237060547,-2.4019999504089355,-2.5369999408721924,-2.4860000610351562,-1.7730000019073486,-1.8009999990463257,0.0,0.0,0.0,0.0,0.0,0.0,0.0,0.0,0.0,0.0,0.0,0.0,0.0,0.0,0.0,0.0,0.0,0.0,0.0,1.7990000247955322,1.7680000066757202,1.690999984741211,1.5720000267028809,1.465000033378601,1.3519999980926514,1.0329999923706055,0.0,0.0,1.5299999713897705,1.3450000286102295,1.2339999675750732,1.1720000505447388,1.1390000581741333,1.1770000457763672,1.371999979019165,1.3609999418258667,1.3559999465942383,1.3539999723434448,1.3550000190734863,1.3580000400543213
-1.4229999780654907,-1.6269999742507935,-1.8270000219345093,-1.9869999885559082,-2.069000005722046,-1.6039999723434448,-1.8350000381469727,0.0,0.0,0.0,0.0,0.0,0.0,0.0,0.0,0.0,0.0,0.0,0.0,0.0,0.0,0.0,0.0,0.0,0.0,0.0,0.0,0.0,1.9980000257492065,1.7860000133514404,1.628000020980835,1.5670000314712524,1.9989999532699585,4.242000153920067e-11,0.0,0.0,0.0,1.246000051498413,1.1579999923706055,1.1180000305175781,1.1430000066757202,1.3289999961853027,1.3170000314712524,1.305999994277954,1.2970000505447388,1.2920000553131104,1.2890000343322754
-0.7067999839782715,-0.9110000133514404,-1.1970000267028809,-1.4889999628067017,-1.7319999933242798,-1.5210000276565552,-1.9520000219345093,0.0,0.0,0.0,0.0,0.0,0.0,0.0,0.0,0.0,0.0,0.0,0.0,0.0,0.0,0.0,0.0,0.0,0.0,0.0,0.0,0.0,0.0,1.8200000524520874,1.621999979019165,1.5989999771118164,1.7120000123977661,2.1589999198913574,0.6690999865531921,0.0,0.0,0.0,1.1230000257492065,1.1030000448226929,1.1399999856948853,1.3079999685287476,1.2940000295639038,1.277999997138977,1.2630000114440918,1.2510000467300415,1.2419999837875366
0.07109999656677246,-0.10760000348091125,-0.429500013589859,-0.8066999912261963,-1.180999994277954,-1.2580000162124634,-1.4520000219345093,0.0,0.0,0.0,0.0,0.0,0.0,0.0,0.0,0.0,0.0,0.0,0.0,0.0,0.0,0.0,0.0,0.0,0.0,0.0,0.0,0.0,0.0,0.0,1.5269999504089355,1.496000051498413,1.5,1.5119999647140503,1.4670000076293945,1.13100004196167,0.925000011920929,1.0269999504089355,1.0989999771118164,1.0989999771118164,1.1410000324249268,1.3109999895095825,1.2879999876022339,1.2669999599456787,1.246999979019165,1.2309999465942383,1.2170000076293945
0.40709999203681946,0.28940001130104065,0.15600000321865082,-0.08952999860048294,-0.36890000104904175,-0.6183000206947327,-1.00600004196167,-1.690999984741211,0.0,0.0,0.0,0.0,0.0,0.0,0.0,0.0,0.0,0.0,0.0,0.0,0.0,0.0,0.0,0.0,0.0,0.0,0.0,0.0,0.0,0.0,1.4179999828338623,1.4390000104904175,1.4290000200271606,1.3990000486373901,1.3229999542236328,1.190000057220459,1.0789999961853027,1.1230000257492065,1.11899995803833,1.1069999933242798,1.1490000486373901,1.3220000267028809,1.2920000553131104,1.2660000324249268,1.2430000305175781,1.2230000495910645,1.2059999704360962
0.3253999948501587,0.22210000455379486,0.11209999769926071,-0.020309999585151672,-0.13650000095367432,-0.28279998898506165,-0.483599990606308,-0.8766999840736389,0.0,0.0,0.0,0.0,0.0,0.0,0.0,0.0,0.0,0.0,0.0,0.0,0.0,0.0,0.0,0.0,0.0,0.0,0.0,0.0,0.7423999905586243,1.246000051498413,1.4199999570846558,1.4570000171661377,1.4459999799728394,1.409000039100647,1.3279999494552612,1.24399995803833,1.1670000553131104,1.128000020980835,1.1430000066757202,1.1160000562667847,1.149999976158142,1.3289999961853027,1.2929999828338623,1.2649999856948853,1.2400000095367432,1.218999981880188,1.2000000476837158
0.3508000075817108,0.3443000018596649,0.2856000065803528,0.2515999972820282,0.19509999454021454,0.05170999839901924,-0.07002999633550644,-0.1965000033378601,0.0,0.0,0.0,0.0,0.0,0.0,0.0,0.0,0.0,0.0,0.0,0.0,0.0,0.0,0.0,0.0,0.0,0.0,0.0,0.0,1.3899999856948853,1.50600004196167,1.5750000476837158,1.5779999494552612,1.5420000553131104,1.465999960899353,1.3849999904632568,1.3009999990463257,1.225000023841858,1.159999966621399,1.1549999713897705,1.121999979019165,1.1440000534057617,1.315000057220459,1.2829999923706055,1.253999948501587,1.2289999723434448,1.2070000171661377,1.187999963760376
0.6754999756813049,0.8417999744415283,0.9855999946594238,1.1019999980926514,1.0889999866485596,0.8131999969482422,0.599399983882904,0.0,0.0,0.0,0.0,0.0,0.0,0.0,0.0,0.0,0.0,0.0,0.0,0.0,0.0,0.0,0.0,0.0,0.0,0.0,0.0,0.0,0.0,1.937999963760376,1.8890000581741333,1.8209999799728394,1.6990000009536743,1.5750000476837158,1.4589999914169312,1.3589999675750732,1.2730000019073486,1.1990000009536743,1.1369999647140503,1.128999948501587,1.1390000581741333,1.2990000247955322,1.2669999599456787,1.2369999885559082,1.2100000381469727,1.1859999895095825,1.1670000553131104
0.727400004863739,0.9283999800682068,1.1019999980926514,1.2280000448226929,1.2829999923706055,1.0789999961853027,0.9593999981880188,0.0,0.0,0.0,0.0,0.0,0.0,0.0,0.0,0.0,0.0,0.0,0.0,0.0,0.0,0.0,0.0,0.0,0.0,0.0,0.0,0.0,0.0,0.0,2.5299999713897705,2.197999954223633,1.9279999732971191,1.7139999866485596,1.5509999990463257,1.4210000038146973,1.315999984741211,1.2280000448226929,1.156000018119812,1.1160000562667847,1.1380000114440918,1.2899999618530273,1.2489999532699585,1.2139999866485596,1.184999942779541,1.159999966621399,1.1390000581741333
0.34200000762939453,0.4636000096797943,0.5774999856948853,0.6693000197410583,0.7871999740600586,0.7709000110626221,0.8554999828338623,0.9803000092506409,0.0,0.0,0.0,0.0,0.0,0.0,0.0,0.0,0.0,0.0,0.0,0.0,0.0,0.0,0.0,0.0,0.0,0.0,0.0,0.0,0.0,0.0,0.0,2.703000068664551,2.177999973297119,1.8630000352859497,1.6480000019073486,1.4900000095367432,1.3650000095367432,1.2630000114440918,1.1770000457763672,1.1030000448226929,1.1130000352859497,1.2699999809265137,1.2259999513626099,1.187000036239624,1.1549999713897705,1.128000020980835,1.1059999465942383
-0.08427999913692474,0.0012629999546334147,0.09628999978303909,0.19840000569820404,0.4147999882698059,0.5462999939918518,0.7289999723434448,0.0,0.0,0.0,0.0,0.0,0.0,0.0,0.0,0.0,0.0,0.0,0.0,0.0,0.0,0.0,0.0,0.0,0.0,0.0,0.0,0.0,0.0,0.0,0.0,0.0,2.38700008392334,1.9739999771118164,1.7239999771118164,1.5470000505447388,1.409000039100647,1.2979999780654907,1.2050000429153442,1.1260000467300415,1.0989999771118164,1.24399995803833,1.2000000476837158,1.156000018119812,1.1200000047683716,1.090999960899353,1.0670000314712524
-0.28459998965263367,-0.21410000324249268,-0.1386999934911728,0.0021699999924749136,0.21539999544620514,0.41679999232292175,0.6444000005722046,0.0,0.0,0.0,0.0,0.0,0.0,0.0,0.0,0.0,0.0,0.0,0.0,0.0,0.0,0.0,0.0,0.0,0.0,0.0,0.0,0.0,0.0,0.0,0.0,0.0,2.4630000591278076,2.0190000534057617,1.7690000534057617,1.5829999446868896,1.4320000410079956,1.305999994277954,1.2000000476837158,1.1100000143051147,1.062999963760376,1.2569999694824219,1.1720000505447388,1.121000051498413,1.0820000171661377,1.0509999990463257,1.0260000228881836
