public/data/output/wave_data_x2.grib.json
{"header": { "dx": 0.0007986013986013759, "dy": 0.0007999999999999802, "la1": 22.2612, "lo1": 114.1902, "la2": 22.178, "lo2": 114.3044, "nx": 144, "ny": 105, "refTime": "2000-01-01 00:00:00", "parameterUnit": "m.s-1", "parameterCategory": 2, "parameterNumber": 3, "parameterNumberName": "northward" }, "data":
[rows 21 to 41 of 105, columns 92 to 137 of 144]
-0.3634999990463257,-0.34255000203847885,-0.3238999992609024,-0.3072499930858612,-0.2924249991774559,-0.27912499755620956,-0.2672249972820282,-0.2563999965786934,-0.24659999832510948,-0.23754999786615372,-0.2291250005364418,-0.22127500176429749,-0.21382499858736992,-0.20674999803304672,-0.20007500052452087,-0.19384999945759773,-0.1876000016927719,-0.18075000122189522,-0.17420000210404396,-0.16797500103712082,-0.16197500005364418,-0.07877499982714653,0.0,0.0,0.0,0.0,0.0,0.0,0.0,0.0,-0.08202499896287918,-0.10599999874830246,-0.10215000063180923,-0.09843499958515167,-0.0948250014334917,-0.09130250103771687,-0.08785749971866608,-0.06375500001013279,0.0,0.0,0.0,-0.035190001130104065,-0.0679324995726347,-0.06467749923467636,-0.0614224998280406,-0.05815500020980835
-0.34804999828338623,-0.3310000002384186,-0.3153750002384186,-0.30112500488758087,-0.28814999759197235,-0.27639999240636826,-0.26569999754428864,-0.2559249997138977,-0.24697500094771385,-0.23864999786019325,-0.23087499663233757,-0.2235249988734722,-0.21655000001192093,-0.20982500165700912,-0.2034750021994114,-0.1975249983370304,-0.19157500192523003,-0.18492500111460686,-0.17842499911785126,-0.17215000092983246,-0.16609999909996986,-0.16027499735355377,-0.11607500165700912,0.0,0.0,0.0,0.0,0.0,0.0,0.0,-0.05624999850988388,-0.10950000025331974,-0.10559999942779541,-0.10180000029504299,-0.09810750186443329,-0.09451249986886978,-0.0909850001335144,-0.0875174980610609,-0.042467501014471054,0.0,0.0,-0.07387750037014484,-0.07051249779760838,-0.06715249828994274,-0.0637949975207448,-0.06041250005364418
-0.33297500014305115,-0.31927499920129776,-0.30640000104904175,-0.2943750023841858,-0.2832999974489212,-0.27307499945163727,-0.26365000009536743,-0.25495000928640366,-0.24684999883174896,-0.23937499895691872,-0.23227500170469284,-0.22544999793171883,-0.2188750021159649,-0.21252499893307686,-0.20652500167489052,-0.20087499544024467,-0.19530000165104866,-0.1887500025331974,-0.18219999969005585,-0.1759749986231327,-0.16997500136494637,-0.08207499980926514,-0.1585249975323677,-0.11465000361204147,-0.14767500385642052,-0.10740000382065773,-0.06909999996423721,0.0,0.0,0.0,0.0,-0.11290000006556511,-0.108924999833107,-0.10504999943077564,-0.10135249979794025,-0.09765749983489513,-0.09405500069260597,-0.09050749987363815,-0.08698249980807304,-0.021265000104904175,-0.03956000134348869,-0.07651249878108501,-0.07305250130593777,-0.06959250010550022,-0.06612999923527241,-0.0626400001347065
-0.31862499564886093,-0.3078000023961067,-0.29737500101327896,-0.2874999940395355,-0.2781499996781349,-0.26942500472068787,-0.26122500002384186,-0.2536249980330467,-0.2464499995112419,-0.23970000445842743,-0.2332249991595745,-0.2269500009715557,-0.2207999974489212,-0.21482500061392784,-0.2091750018298626,-0.20385000109672546,-0.19840000197291374,-0.19197500124573708,-0.18564999848604202,-0.1795249991118908,-0.1735749989748001,-0.16780000180006027,-0.16219999641180038,-0.1566999964416027,-0.1513500064611435,-0.146100003272295,-0.14089999347925186,-0.1353749968111515,-0.1295499950647354,-0.03167499974370003,0.0,-0.08669999986886978,-0.11220000125467777,-0.10827499814331532,-0.10445000045001507,-0.10073749907314777,-0.09706000052392483,-0.09343750029802322,-0.08983749896287918,-0.06508499942719936,-0.04088999889791012,-0.07911249995231628,-0.07554749958217144,-0.07199000008404255,-0.06842749938368797,-0.06483500078320503
-0.3051000013947487,-0.2967750057578087,-0.2885499969124794,-0.2805500030517578,-0.27284999191761017,-0.265500009059906,-0.2585499957203865,-0.2519249953329563,-0.2456500008702278,-0.23960000276565552,-0.23372500017285347,-0.2279749996960163,-0.22230000421404839,-0.21672500297427177,-0.21142500266432762,-0.2064249999821186,-0.20112499967217445,-0.1949000023305416,-0.18882500007748604,-0.18280000239610672,-0.17695000022649765,-0.17125000059604645,-0.16564999520778656,-0.16020000353455544,-0.15485000610351562,-0.14955000579357147,-0.14435000345110893,-0.13884999603033066,-0.13294999673962593,-0.12810000032186508,0.0,-0.029400000348687172,-0.11539999954402447,-0.11142499931156635,-0.10752500034868717,-0.10372500121593475,-0.10001499950885773,-0.09631000086665154,-0.09263999946415424,-0.08897500112652779,-0.08531500026583672,-0.08167750015854836,-0.0780049990862608,-0.07435250096023083,-0.0706849992275238,-0.06699000298976898
-0.2923250049352646,-0.2861749902367592,-0.279899999499321,-0.27365000545978546,-0.2674749940633774,-0.2614999935030937,-0.2556750029325485,-0.25007500126957893,-0.24459999799728394,-0.2392750047147274,-0.23400000482797623,-0.2287749983370304,-0.2235499992966652,-0.21837500110268593,-0.21344999969005585,-0.2087000012397766,-0.20365000143647194,-0.19767500087618828,-0.19180000200867653,-0.1858999989926815,-0.18012500181794167,-0.1744999960064888,-0.16897500306367874,-0.16357500478625298,-0.15822500362992287,-0.1529500037431717,-0.1477000042796135,-0.1422250010073185,-0.13625000417232513,-0.06527499854564667,0.0,0.0,-0.02967499941587448,-0.11445000022649765,-0.11054999940097332,-0.10667499899864197,-0.10285000130534172,-0.09913499839603901,-0.09537749737501144,-0.091644998639822,-0.08797250129282475,-0.08417499996721745,-0.08040749840438366,-0.076664999127388,-0.0729099977761507,-0.06910999864339828
-0.2801249995827675,-0.27594999969005585,-0.27150000631809235,-0.2669000029563904,-0.2622250020503998,-0.2575249969959259,-0.25279999524354935,-0.24809999763965607,-0.24342500418424606,-0.23877499997615814,-0.23407499864697456,-0.22932500019669533,-0.22452500090003014,-0.21972499787807465,-0.21512499824166298,-0.21069999784231186,-0.20605000108480453,-0.20030000060796738,-0.19455000013113022,-0.18885000050067902,-0.18319999799132347,-0.17767500132322311,-0.17220000177621841,-0.16682500019669533,-0.1614999994635582,-0.15619999915361404,-0.15094999969005585,-0.14550000056624413,-0.13942499831318855,0.0,0.0,0.0,0.0,-0.08765000104904175,-0.11347500048577785,-0.1095500010997057,-0.10570000112056732,-0.1018499992787838,-0.09806999936699867,-0.09426750056445599,-0.0906199999153614,-0.08661500178277493,-0.08276750147342682,-0.07893499918282032,-0.07507999800145626,-0.07118750177323818
-0.26820000261068344,-0.2659749984741211,-0.263324998319149,-0.26032499969005585,-0.2570500001311302,-0.2535250037908554,-0.2498749978840351,-0.24610000103712082,-0.24214999750256538,-0.2381500005722046,-0.23399999737739563,-0.22972499951720238,-0.22539999708533287,-0.22097500041127205,-0.21660000085830688,-0.2124749980866909,-0.208150003105402,-0.20287499949336052,-0.19725000113248825,-0.19167499989271164,-0.186124999076128,-0.18069999665021896,-0.1752999983727932,-0.1699250005185604,-0.16462500020861626,-0.15935000032186508,-0.1540750004351139,-0.14867500215768814,-0.14252500236034393,0.0,0.0,0.0,-0.031024999916553497,-0.12032500095665455,-0.11629999987781048,-0.11234999820590019,-0.10844999924302101,-0.10457500070333481,-0.10069750249385834,-0.09688249975442886,-0.09319250099360943,-0.08902999944984913,-0.08507500030100346,-0.0811574999243021,-0.07720999978482723,-0.0732249990105629
-0.25635000318288803,-0.2562749907374382,-0.255500003695488,-0.2540750056505203,-0.25212499499320984,-0.24975000321865082,-0.24709999933838844,-0.24414999783039093,-0.2410000003874302,-0.23762499913573265,-0.23399999737739563,-0.23022499680519104,-0.22625000029802322,-0.22214999794960022,-0.2180750034749508,-0.21412499621510506,-0.2102000005543232,-0.2052750028669834,-0.1998250000178814,-0.19439999759197235,-0.18895000219345093,-0.18357500061392784,-0.1782750003039837,-0.17294999957084656,-0.1676499992609024,-0.1623999997973442,-0.157150000333786,-0.151699997484684,-0.1455250009894371,-0.14045000076293945,-0.034425001591444016,0.0,-0.12732499837875366,-0.12314999848604202,-0.11910000070929527,-0.11510000005364418,-0.11115000024437904,-0.1072000004351139,-0.10327500104904175,-0.09956750087440014,-0.09560750238597393,-0.0914199985563755,-0.08733250014483929,-0.08332750014960766,-0.07929500192403793,-0.07521000131964684
-0.24457500129938126,-0.24700000137090683,-0.24809999763965607,-0.24822500348091125,-0.24754999950528145,-0.24632500112056732,-0.24454999715089798,-0.24244999885559082,-0.2399749979376793,-0.23717499896883965,-0.23407499864697456,-0.23070000112056732,-0.2270749993622303,-0.223325002938509,-0.21949999779462814,-0.2157749980688095,-0.21205000206828117,-0.20749999582767487,-0.20229999721050262,-0.19699999690055847,-0.1917250007390976,-0.18640000373125076,-0.18117500096559525,-0.17589999735355377,-0.17065000161528587,-0.1653749980032444,-0.1601249985396862,-0.15469999983906746,-0.14842500165104866,-0.14332500100135803,-0.13874999806284904,-0.13437499850988388,-0.1301250010728836,-0.12595000118017197,-0.12182499840855598,-0.11777499876916409,-0.11374999955296516,-0.10974999889731407,-0.10584999993443489,-0.10214999876916409,-0.09800749830901623,-0.09372750110924244,-0.08954000100493431,-0.0854525025933981,-0.08132999949157238,-0.07715249992907047
-0.2332499958574772,-0.23832499980926514,-0.24134999886155128,-0.24289999902248383,-0.24344999715685844,-0.24320000037550926,-0.2423500046133995,-0.24092499539256096,-0.23912499845027924,-0.2368750013411045,-0.23420000076293945,-0.23122499883174896,-0.2279749996960163,-0.22450000047683716,-0.22085000202059746,-0.2172750048339367,-0.21377500146627426,-0.20964999869465828,-0.2047250010073185,-0.1995749995112419,-0.19437499716877937,-0.1891999989748001,-0.18400000035762787,-0.17880000174045563,-0.17354999855160713,-0.16829999908804893,-0.16300000250339508,-0.15757500007748604,-0.15130000188946724,-0.14614999666810036,-0.141550000756979,-0.13712500035762787,-0.13284999877214432,-0.1286499984562397,-0.12450000084936619,-0.12040000036358833,-0.11634999886155128,-0.11229999922215939,-0.10839999839663506,-0.1046999990940094,-0.10035249963402748,-0.09597000107169151,-0.09168749861419201,-0.08751999959349632,-0.08330749906599522,-0.07904750108718872
-0.2234249971807003,-0.2306249998509884,-0.2352999970316887,-0.23820000141859055,-0.23987499997019768,-0.24055000022053719,-0.24044999852776527,-0.2397500015795231,-0.2384749986231327,-0.23670000582933426,-0.2344999983906746,-0.23192500323057175,-0.22897499799728394,-0.22577499970793724,-0.22237500175833702,-0.21890000253915787,-0.21552500501275063,-0.21175000071525574,-0.20710000023245811,-0.20212500169873238,-0.19702499732375145,-0.19192500039935112,-0.18679999932646751,-0.18159999698400497,-0.17639999836683273,-0.17114999890327454,-0.16584999859333038,-0.16042499989271164,-0.1540750004351139,-0.14889999851584435,-0.14427500218153,-0.13985000178217888,-0.13552500307559967,-0.13129999861121178,-0.12710000202059746,-0.12292500026524067,-0.11882499977946281,-0.11477500014007092,-0.11099999956786633,-0.10700000077486038,-0.10275000147521496,-0.09813250042498112,-0.09378250129520893,-0.08953250013291836,-0.08524000085890293,-0.08088499866425991
-0.2156750001013279,-0.2241250015795231,-0.2300500012934208,-0.23412499949336052,-0.2367749996483326,-0.23832499608397484,-0.23897499963641167,-0.23887500166893005,-0.2381500005722046,-0.2368749976158142,-0.23509999737143517,-0.23285000026226044,-0.23020000010728836,-0.2271999977529049,-0.22394999861717224,-0.2206750027835369,-0.21735000237822533,-0.21387499943375587,-0.20944999903440475,-0.20462499931454659,-0.19962499663233757,-0.19460000097751617,-0.18952499702572823,-0.18439999967813492,-0.17920000106096268,-0.17400000244379044,-0.16870000213384628,-0.16324999928474426,-0.1569250002503395,-0.15165000036358833,-0.14697500318288803,-0.14250000193715096,-0.13815000280737877,-0.13387499749660492,-0.12962500005960464,-0.12545000202953815,-0.1212999988347292,-0.11720000021159649,-0.11357500031590462,-0.109375,-0.1051000002771616,-0.10033000074326992,-0.09581500105559826,-0.0914900004863739,-0.08711500093340874,-0.08267500065267086
-0.2091750018298626,-0.2186250016093254,-0.22565000131726265,-0.23074999824166298,-0.23429999873042107,-0.23659999668598175,-0.23787499964237213,-0.23832499608397484,-0.23807499930262566,-0.23719999939203262,-0.23572500050067902,-0.2337999977171421,-0.23135000094771385,-0.22862500324845314,-0.22557499632239342,-0.22235000133514404,-0.21925000101327896,-0.21584999561309814,-0.21182499825954437,-0.20710000023245811,-0.20225000008940697,-0.1973000019788742,-0.1922749988734722,-0.18720000237226486,-0.18200000375509262,-0.17679999768733978,-0.17154999822378159,-0.16615000367164612,-0.16004999727010727,-0.1543000005185604,-0.14959999918937683,-0.1450750008225441,-0.14070000126957893,-0.13637500256299973,-0.13212499767541885,-0.1278499998152256,-0.12370000220835209,-0.11959999985992908,-0.11600000038743019,-0.11175000108778477,-0.10722500085830688,-0.10245000012218952,-0.09779500029981136,-0.09339250065386295,-0.08893500082194805,-0.0844149999320507
-0.20297499746084213,-0.21392499655485153,-0.22215000167489052,-0.22815000265836716,-0.23240000009536743,-0.23532500118017197,-0.23719999939203262,-0.2381500005722046,-0.23829999938607216,-0.2377999983727932,-0.23660000041127205,-0.23489999771118164,-0.23275000229477882,-0.2301499992609024,-0.2272999957203865,-0.22417500242590904,-0.22104999795556068,-0.21790000051259995,-0.21404999867081642,-0.2096249982714653,-0.20487499982118607,-0.19997499883174896,-0.19505000114440918,-0.18995000049471855,-0.18479999899864197,-0.17960000038146973,-0.17435000091791153,-0.16897499933838844,-0.1628750003874302,-0.15689999982714653,-0.15217500180006027,-0.14764999970793724,-0.14319999888539314,-0.13887500017881393,-0.13455000147223473,-0.1302500031888485,-0.12604999728500843,-0.12204999849200249,-0.11827499978244305,-0.11402500048279762,-0.109375,-0.10450000129640102,-0.09970249980688095,-0.09523749724030495,-0.09070250019431114,-0.0860924981534481
-0.1975499950349331,-0.21037499979138374,-0.219650000333786,-0.2263999991118908,-0.23132500052452087,-0.2347249984741211,-0.23702499642968178,-0.23842500150203705,-0.2389249987900257,-0.2386999987065792,-0.23777500167489052,-0.2363249994814396,-0.23432500287890434,-0.23189999908208847,-0.22917499765753746,-0.22620000317692757,-0.2230999991297722,-0.21992500126361847,-0.2164750024676323,-0.21227499842643738,-0.20760000124573708,-0.20272500067949295,-0.1977500021457672,-0.1927499994635582,-0.1876000016927719,-0.18239999935030937,-0.17710000276565552,-0.17170000076293945,-0.1655000001192093,-0.15949999913573265,-0.15469999983906746,-0.15012499690055847,-0.14570000022649765,-0.1413000002503395,-0.13690000027418137,-0.13262499868869781,-0.12835000082850456,-0.12455000169575214,-0.12057499960064888,-0.11602499894797802,-0.11139999888837337,-0.10642499849200249,-0.10159750282764435,-0.09701999835669994,-0.09240499883890152,-0.08772249892354012
-0.19459999725222588,-0.20865000039339066,-0.21854999661445618,-0.22577499970793724,-0.23102499917149544,-0.2348249964416027,-0.23747500032186508,-0.2391499988734722,-0.2399500012397766,-0.2399500012397766,-0.23924999684095383,-0.23795000463724136,-0.23612500354647636,-0.23387499898672104,-0.23124999925494194,-0.22834999859333038,-0.22532499954104424,-0.22219999879598618,-0.21880000084638596,-0.21489999815821648,-0.2103000022470951,-0.20549999922513962,-0.20055000111460686,-0.19554999843239784,-0.19039999693632126,-0.18517499789595604,-0.17980000004172325,-0.17435000091791153,-0.16804999858140945,-0.16202500090003014,-0.15719999745488167,-0.1526000015437603,-0.14809999987483025,-0.14364999905228615,-0.139249999076128,-0.13489999994635582,-0.13064999878406525,-0.1271749995648861,-0.12267499975860119,-0.11840000003576279,-0.11339999921619892,-0.10837499983608723,-0.10339999943971634,-0.09876750223338604,-0.09406000003218651,-0.08929499797523022
-0.19610000029206276,-0.20944999903440475,-0.21902499720454216,-0.22622499987483025,-0.231624998152256,-0.23565000295639038,-0.23854999989271164,-0.2404250018298626,-0.24142499640583992,-0.24159999936819077,-0.24102499708533287,-0.23982500284910202,-0.2381250001490116,-0.2359750010073185,-0.233474999666214,-0.23069999739527702,-0.22767500206828117,-0.22455000132322311,-0.2212749980390072,-0.2176249995827675,-0.2131749987602234,-0.20835000276565552,-0.20337500050663948,-0.1983499974012375,-0.19317499920725822,-0.18787499889731407,-0.18249999731779099,-0.17695000022649765,-0.17059999704360962,-0.16452499851584435,-0.15965000167489052,-0.15504999831318855,-0.15044999867677689,-0.1459750011563301,-0.14149999991059303,-0.13715000078082085,-0.1328749991953373,-0.12969999760389328,-0.12492499873042107,-0.12052500247955322,-0.11535000056028366,-0.11019999906420708,-0.1051499992609024,-0.10042249970138073,-0.09565999917685986,-0.09081000089645386
-0.20177500322461128,-0.21242500096559525,-0.22094999626278877,-0.22779999673366547,-0.2331249974668026,-0.2372249998152256,-0.24024999886751175,-0.2422500029206276,-0.24334999918937683,-0.2436250038444996,-0.2431499995291233,-0.24204999953508377,-0.24047500267624855,-0.23840000107884407,-0.23599999770522118,-0.2332499995827675,-0.230274997651577,-0.22715000063180923,-0.22382500022649765,-0.22030000016093254,-0.21604999899864197,-0.2112250030040741,-0.20624999701976776,-0.2011750005185604,-0.1959500014781952,-0.19060000032186508,-0.18512500077486038,-0.1795249991118908,-0.17310000211000443,-0.16699999570846558,-0.16210000216960907,-0.1573750004172325,-0.15277499705553055,-0.14822500199079514,-0.14375000074505806,-0.13935000076889992,-0.13517500087618828,-0.13187499716877937,-0.126825001090765,-0.12249999865889549,-0.1172500029206276,-0.1119999997317791,-0.10682499967515469,-0.10199999995529652,-0.09719500131905079,-0.09226749837398529
-0.2087249979376793,-0.2163500003516674,-0.22367500141263008,-0.2300250008702278,-0.235300000756979,-0.23945000022649765,-0.24250000342726707,-0.2446499988436699,-0.24582500010728836,-0.24620000272989273,-0.2457749992609024,-0.2447500005364418,-0.24317499622702599,-0.24114999920129776,-0.23874999955296516,-0.23599999770522118,-0.23304999992251396,-0.22990000247955322,-0.22657499834895134,-0.22312499955296516,-0.2189750000834465,-0.21412499994039536,-0.20912500098347664,-0.20400000363588333,-0.19875000044703484,-0.1933250017464161,-0.18775000050663948,-0.18207500129938126,-0.17554999887943268,-0.16939999908208847,-0.16449999809265137,-0.15972500294446945,-0.15507499873638153,-0.15049999952316284,-0.14592500030994415,-0.14144999906420708,-0.13749999925494194,-0.1339000016450882,-0.12870000302791595,-0.1243749987334013,-0.11917499825358391,-0.11372499912977219,-0.10845000110566616,-0.10357500053942204,-0.09867750108242035,-0.09366749972105026
-0.2133749984204769,-0.21970000118017197,-0.2265000008046627,-0.23272499814629555,-0.23797499760985374,-0.2422500029206276,-0.2454500012099743,-0.24762499704957008,-0.2488499991595745,-0.24924999475479126,-0.2488499991595745,-0.2478250004351139,-0.24620000272989273,-0.24412499740719795,-0.24170000106096268,-0.2389499992132187,-0.2359750010073185,-0.23279999941587448,-0.2294749990105629,-0.22599999606609344,-0.22199999913573265,-0.21710000187158585,-0.21204999834299088,-0.2068750001490116,-0.20154999941587448,-0.19602500274777412,-0.1904500015079975,-0.18462499976158142,-0.17799999937415123,-0.17180000245571136,-0.16682500019669533,-0.16202500090003014,-0.15729999914765358,-0.1526000015437603,-0.1480500027537346,-0.14352500066161156,-0.13975000008940697,-0.13590000569820404,-0.1305750049650669,-0.12597499787807465,-0.12099999934434891,-0.11542499996721745,-0.11005000025033951,-0.1051000002771616,-0.10009250044822693,-0.09501499868929386
