public/data/output/wave_data_x2.grib.json
{"header": { "dx": 0.0007986013986013759, "dy": 0.0007999999999999802, "la1": 22.2612, "lo1": 114.1902, "la2": 22.178, "lo2": 114.3044, "nx": 144, "ny": 105, "refTime": "2000-01-01 00:00:00", "parameterUnit": "m.s-1", "parameterCategory": 2, "parameterNumber": 2, "parameterNumberName": "eastward" }, "data":
[rows 0 to 20 of 105, columns 94 to 140 of 144]
-9.77524995803833,-9.842999935150146,-9.901000022888184,-9.951250314712524,-9.994750261306763,-10.03250002861023,-10.067500114440918,-10.095000267028809,-10.122499942779541,-10.144999980926514,-10.164999961853027,-10.182500123977661,-10.194999694824219,-10.210000038146973,-10.220000267028809,-10.229999542236328,-10.239999771118164,-10.25,-10.260000228881836,-10.265000343322754,-10.275000095367432,-10.279999732971191,-10.287499904632568,-10.289999961853027,-10.300000190734863,-10.300000190734863,-10.305000305175781,-10.3100004196167,-10.3100004196167,-10.319999694824219,-10.319999694824219,-10.319999694824219,-10.324999809265137,-10.329999923706055,-10.329999923706055,-10.329999923706055,-10.335000038146973,-10.34000015258789,-10.34000015258789,-5.170000076293945,0.0,0.0,0.0,0.0,-7.769999742507935,-10.367499828338623,-10.369999885559082
-9.781499862670898,-9.849500179290771,-9.906999826431274,-9.95675015449524,-10.000000238418579,-10.039999961853027,-10.070000171661377,-10.099999904632568,-10.125,-10.144999980926514,-10.164999961853027,-10.184999942779541,-10.194999694824219,-10.210000038146973,-10.220000267028809,-10.229999542236328,-10.239999771118164,-10.25,-10.260000228881836,-10.270000457763672,-10.275000095367432,-10.279999732971191,-10.289999961853027,-10.289999961853027,-10.300000190734863,-10.300000190734863,-10.3100004196167,-10.3100004196167,-10.3100004196167,-10.319999694824219,-10.319999694824219,-10.319999694824219,-10.324999809265137,-10.329999923706055,-10.329999923706055,-10.329999923706055,-10.335000038146973,-10.34000015258789,-10.34000015258789,-10.34000015258789,-10.350000381469727,-10.350000381469727,-7.762500286102295,-5.179999828338623,-10.359999656677246,-10.369999885559082,-10.369999885559082
-9.784500122070312,-9.852250099182129,-9.910000085830688,-9.959500074386597,-10.00125002861023,-10.039999961853027,-10.074999809265137,-10.102499961853027,-10.125,-10.144999980926514,-10.164999961853027,-10.184999942779541,-10.199999809265137,-10.210000038146973,-10.224999904632568,-10.234999656677246,-10.242499828338623,-10.25,-10.260000228881836,-10.270000457763672,-10.275000095367432,-10.279999732971191,-10.289999961853027,-10.289999961853027,-10.300000190734863,-10.300000190734863,-10.3100004196167,-10.3100004196167,-10.3100004196167,-10.319999694824219,-10.319999694824219,-10.319999694824219,-10.324999809265137,-10.329999923706055,-10.329999923706055,-10.329999923706055,-10.335000038146973,-10.34000015258789,-10.34000015258789,-10.34000015258789,-10.350000381469727,-10.350000381469727,-10.350000381469727,-10.359999656677246,-10.359999656677246,-10.369999885559082,-10.369999885559082
-9.78849983215332,-9.855999946594238,-9.9135000705719,-9.96274995803833,-10.005500078201294,-10.042500019073486,-10.074999809265137,-10.105000019073486,-10.127500057220459,-10.154999732971191,-10.172500133514404,-10.184999942779541,-10.199999809265137,-10.21500015258789,-10.224999904632568,-10.234999656677246,-10.244999885559082,-10.252500057220459,-10.260000228881836,-10.270000457763672,-10.275000095367432,-10.279999732971191,-10.289999961853027,-10.295000076293945,-10.300000190734863,-10.300000190734863,-10.3100004196167,-10.3100004196167,-10.312500238418579,-10.319999694824219,-10.319999694824219,-10.319999694824219,-10.327499866485596,-10.329999923706055,-10.329999923706055,-10.329999923706055,-10.337500095367432,-5.170000076293945,-5.170000076293945,-10.34000015258789,-10.350000381469727,-10.350000381469727,-10.350000381469727,-10.359999656677246,-10.359999656677246,-10.369999885559082,-10.369999885559082
-9.79449987411499,-9.861999988555908,-9.919250011444092,-9.967999935150146,-10.009750127792358,-10.047500133514404,-10.079999923706055,-10.107500076293945,-10.135000228881836,-10.154999732971191,-10.175000190734863,-10.187499761581421,-10.204999923706055,-10.21500015258789,-10.224999904632568,-10.234999656677246,-10.244999885559082,-10.255000114440918,-10.262500286102295,-10.270000457763672,-10.279999732971191,-10.28249979019165,-10.289999961853027,-10.295000076293945,-10.300000190734863,-10.305000305175781,-10.3100004196167,-10.3100004196167,-10.315000057220459,-10.319999694824219,-10.319999694824219,-10.319999694824219,-10.329999923706055,-10.329999923706055,-5.164999961853027,-2.5824999809265137,-2.5850000381469727,0.0,-2.5850000381469727,-10.34000015258789,-10.350000381469727,-10.350000381469727,-10.350000381469727,-10.359999656677246,-10.359999656677246,-10.369999885559082,-10.369999885559082
-9.803500175476074,-9.870000123977661,-9.92650032043457,-9.974999904632568,-10.015000104904175,-10.052500247955322,-10.085000038146973,-10.112499952316284,-10.135000228881836,-10.154999732971191,-10.175000190734863,-10.194999694824219,-10.204999923706055,-10.21750020980835,-10.229999542236328,-10.239999771118164,-10.25,-10.257500171661377,-10.265000343322754,-10.270000457763672,-10.279999732971191,-10.28499984741211,-10.289999961853027,-10.297500133514404,-10.300000190734863,-10.305000305175781,-10.3100004196167,-10.3100004196167,-10.317499876022339,-10.319999694824219,-10.319999694824219,-10.319999694824219,-7.747499942779541,-5.164999961853027,0.0,0.0,0.0,0.0,-5.170000076293945,-10.34250020980835,-10.350000381469727,-10.350000381469727,-10.352500200271606,-10.359999656677246,-10.359999656677246,-10.369999885559082,-10.369999885559082
-9.814749956130981,-9.880249977111816,-9.935500144958496,-9.983000040054321,-10.025000095367432,-10.059999942779541,-10.09250020980835,-10.117499828338623,-10.142499923706055,-10.164999961853027,-10.182500123977661,-10.194999694824219,-10.210000038146973,-10.220000267028809,-10.232499599456787,-10.239999771118164,-10.25,-10.260000228881836,-10.267500400543213,-10.275000095367432,-10.279999732971191,-10.287499904632568,-10.289999961853027,-10.300000190734863,-10.300000190734863,-10.3100004196167,-10.3100004196167,-10.3100004196167,-10.319999694824219,-10.319999694824219,-10.319999694824219,-10.324999809265137,0.0,0.0,0.0,0.0,0.0,0.0,0.0,-5.172500133514404,-7.762500286102295,-10.350000381469727,-10.355000019073486,-10.359999656677246,-10.359999656677246,-10.369999885559082,-10.369999885559082
-9.82800006866455,-9.892249822616577,-9.946500062942505,-9.993250131607056,-10.03250002861023,-10.067500114440918,-10.097500085830688,-10.125,-10.144999980926514,-10.164999961853027,-10.184999942779541,-10.202499866485596,-10.21500015258789,-10.224999904632568,-10.234999656677246,-10.244999885559082,-10.252500057220459,-10.260000228881836,-10.270000457763672,-10.275000095367432,-10.279999732971191,-10.289999961853027,-10.292500019073486,-10.300000190734863,-10.302500247955322,-10.3100004196167,-10.3100004196167,-10.315000057220459,-10.319999694824219,-10.319999694824219,-5.159999847412109,0.0,0.0,0.0,0.0,0.0,0.0,0.0,0.0,0.0,-5.175000190734863,-10.350000381469727,-10.355000019073486,-10.359999656677246,-10.359999656677246,-10.369999885559082,-10.375
-9.843499898910522,-9.906249761581421,-9.958750009536743,-10.004000186920166,-10.042500019073486,-10.077499866485596,-10.105000019073486,-10.132500171661377,-10.154999732971191,-10.175000190734863,-10.19249963760376,-10.204999923706055,-10.21750020980835,-10.229999542236328,-10.239999771118164,-10.247499942779541,-10.255000114440918,-10.265000343322754,-10.270000457763672,-10.279999732971191,-10.28499984741211,-10.289999961853027,-10.297500133514404,-10.300000190734863,-10.305000305175781,-7.732500314712524,-7.732500314712524,-10.317499876022339,-10.319999694824219,-10.319999694824219,0.0,0.0,0.0,0.0,0.0,0.0,0.0,0.0,0.0,0.0,0.0,-10.350000381469727,-10.355000019073486,-10.359999656677246,-10.359999656677246,-10.369999885559082,-10.375
-9.861999988555908,-9.922250032424927,-9.972749948501587,-10.015000104904175,-10.055000066757202,-10.087500095367432,-10.114999771118164,-10.140000104904175,-10.15999984741211,-10.180000066757202,-10.194999694824219,-10.212500095367432,-10.222500085830688,-10.232499599456787,-10.242499828338623,-10.25,-10.260000228881836,-10.267500400543213,-10.272500276565552,-10.279999732971191,-10.287499904632568,-10.289999961853027,-7.7250001430511475,-5.150000095367432,-7.732500314712524,-5.15500020980835,0.0,-5.159999847412109,-5.159999847412109,-2.5799999237060547,0.0,0.0,0.0,0.0,0.0,0.0,0.0,0.0,0.0,-10.350000381469727,-10.350000381469727,-10.350000381469727,-10.355000019073486,-10.359999656677246,-10.359999656677246,-10.369999885559082,-10.375
-9.88325023651123,-9.940999984741211,-9.988250017166138,-10.03250002861023,-10.065000057220459,-10.097500085830688,-10.125,-10.149999856948853,-10.170000076293945,-10.187499761581421,-10.204999923706055,-10.21750020980835,-10.227499723434448,-10.237499713897705,-10.247499942779541,-10.255000114440918,-10.262500286102295,-10.270000457763672,-10.277499914169312,-10.28249979019165,-10.289999961853027,-10.295000076293945,-2.575000047683716,0.0,-7.732500314712524,-2.577500104904175,0.0,0.0,0.0,0.0,0.0,0.0,0.0,0.0,0.0,0.0,0.0,0.0,0.0,-10.350000381469727,-10.350000381469727,-10.350000381469727,-10.355000019073486,-10.359999656677246,-10.362499713897705,-10.369999885559082,-10.375
-9.906500101089478,-9.961250066757202,-10.005500078201294,-10.045000076293945,-10.079999923706055,-10.109999895095825,-10.135000228881836,-10.15999984741211,-10.180000066757202,-10.194999694824219,-10.212500095367432,-10.222500085830688,-10.232499599456787,-10.242499828338623,-10.25,-10.260000228881836,-10.267500400543213,-10.272500276565552,-10.279999732971191,-10.287499904632568,-10.289999961853027,-5.150000095367432,0.0,0.0,0.0,0.0,-7.739999771118164,-7.739999771118164,0.0,0.0,0.0,0.0,0.0,0.0,0.0,0.0,0.0,0.0,0.0,-7.762500286102295,-10.350000381469727,-10.350000381469727,-10.359999656677246,-10.359999656677246,-10.364999771118164,-10.369999885559082,-10.375
-9.931750059127808,-9.982750177383423,-10.025000095367432,-10.0625,-10.09250020980835,-10.122499942779541,-10.144999980926514,-10.170000076293945,-10.184999942779541,-10.204999923706055,-10.21750020980835,-10.227499723434448,-10.239999771118164,-10.247499942779541,-10.257500171661377,-10.262500286102295,-10.270000457763672,-10.277499914169312,-10.28249979019165,-10.289999961853027,-7.7200000286102295,0.0,0.0,0.0,0.0,-2.5799999237060547,-10.319999694824219,-10.319999694824219,-2.5799999237060547,0.0,0.0,0.0,0.0,0.0,0.0,0.0,0.0,0.0,0.0,-5.175000190734863,-10.350000381469727,-10.350000381469727,-10.359999656677246,-10.359999656677246,-10.364999771118164,-10.369999885559082,-10.375
-9.959250211715698,-10.00475025177002,-10.045000076293945,-10.079999923706055,-10.109999895095825,-10.135000228881836,-10.15749979019165,-10.177500247955322,-10.194999694824219,-10.212500095367432,-10.224999904632568,-10.234999656677246,-10.244999885559082,-10.252500057220459,-10.260000228881836,-10.270000457763672,-10.272500276565552,-10.279999732971191,-10.287499904632568,-10.289999961853027,0.0,0.0,0.0,0.0,0.0,-7.739999771118164,-10.319999694824219,-10.319999694824219,-10.327499866485596,-2.5824999809265137,0.0,0.0,0.0,0.0,0.0,0.0,0.0,0.0,0.0,-2.5875000953674316,-7.762500286102295,-10.350000381469727,-10.359999656677246,-10.359999656677246,-10.364999771118164,-10.369999885559082,-10.375
-9.988749980926514,-10.02999997138977,-10.065000057220459,-10.09500002861023,-10.122499942779541,-10.147500038146973,-10.170000076293945,-10.187499761581421,-10.204999923706055,-10.21750020980835,-10.232499599456787,-10.242499828338623,-10.25,-10.260000228881836,-10.267500400543213,-10.272500276565552,-10.279999732971191,-10.28499984741211,-10.289999961853027,-2.572499990463257,0.0,0.0,0.0,0.0,0.0,-5.159999847412109,-10.319999694824219,-10.322499752044678,-10.329999923706055,-10.329999923706055,0.0,0.0,0.0,0.0,0.0,0.0,0.0,0.0,0.0,0.0,0.0,-2.5875000953674316,-10.359999656677246,-10.359999656677246,-10.364999771118164,-10.369999885559082,-10.375
-10.014750003814697,-10.055000066757202,-10.085000038146973,-10.112499952316284,-10.140000104904175,-10.15999984741211,-10.180000066757202,-10.197499752044678,-10.212500095367432,-10.227499723434448,-10.237499713897705,-10.247499942779541,-10.257500171661377,-10.262500286102295,-10.270000457763672,-10.277499914169312,-10.28249979019165,-10.289999961853027,-10.295000076293945,-5.150000095367432,0.0,0.0,0.0,0.0,0.0,0.0,-10.322499752044678,-10.329999923706055,-10.329999923706055,-10.329999923706055,-7.747499942779541,0.0,0.0,0.0,0.0,0.0,0.0,0.0,0.0,0.0,0.0,-5.179999828338623,-10.359999656677246,-10.359999656677246,-10.364999771118164,-10.369999885559082,-10.375
-10.045000076293945,-10.077500104904175,-10.105000019073486,-10.130000114440918,-10.149999856948853,-10.175000190734863,-10.18999981880188,-10.207499980926514,-10.222500085830688,-10.234999656677246,-10.247499942779541,-10.257500171661377,-10.262500286102295,-10.270000457763672,-10.277499914169312,-10.28249979019165,-10.289999961853027,-10.292500019073486,-10.300000190734863,-5.150000095367432,0.0,0.0,0.0,0.0,0.0,0.0,-7.744999885559082,-10.329999923706055,-10.329999923706055,-10.329999923706055,-10.329999923706055,-7.752500057220459,0.0,0.0,0.0,0.0,0.0,0.0,0.0,0.0,0.0,-5.179999828338623,-10.359999656677246,-10.359999656677246,-10.367499828338623,-10.369999885559082,-10.375
-10.072499990463257,-10.100000143051147,-10.130000114440918,-10.149999856948853,-10.170000076293945,-10.187499761581421,-10.202499866485596,-10.21750020980835,-10.232499599456787,-10.242499828338623,-10.252500057220459,-10.262500286102295,-10.270000457763672,-10.277499914169312,-10.28249979019165,-10.289999961853027,-10.292500019073486,-10.300000190734863,-10.302500247955322,-5.15500020980835,0.0,0.0,0.0,0.0,0.0,0.0,-2.5824999809265137,-10.329999923706055,-10.329999923706055,-10.329999923706055,-10.337500095367432,-10.34000015258789,-5.170000076293945,0.0,0.0,0.0,0.0,0.0,0.0,-5.175000190734863,-5.175000190734863,-7.769999742507935,-10.359999656677246,-10.359999656677246,-10.369999885559082,-10.369999885559082,-10.377500057220459
-10.097500085830688,-10.119999885559082,-10.142499923706055,-10.164999961853027,-10.180000066757202,-10.199999809265137,-10.21500015258789,-10.227499723434448,-10.242499828338623,-10.252500057220459,-10.260000228881836,-10.270000457763672,-10.277499914169312,-10.28249979019165,-10.289999961853027,-10.292500019073486,-10.300000190734863,-10.302500247955322,-10.3100004196167,-5.15500020980835,0.0,0.0,0.0,0.0,0.0,0.0,0.0,-10.329999923706055,-10.329999923706055,-10.337500095367432,-10.34000015258789,-10.34000015258789,-10.34000015258789,-2.5850000381469727,0.0,0.0,0.0,0.0,0.0,-10.350000381469727,-10.350000381469727,-10.359999656677246,-10.359999656677246,-10.359999656677246,-10.369999885559082,-10.369999885559082,-10.380000114440918
-10.119999885559082,-10.140000104904175,-10.15999984741211,-10.180000066757202,-10.197499752044678,-10.210000038146973,-10.224999904632568,-10.237499713897705,-10.247499942779541,-10.257500171661377,-10.267500400543213,-10.277499914169312,-10.28249979019165,-10.289999961853027,-10.292500019073486,-10.300000190734863,-10.302500247955322,-10.3100004196167,-10.3100004196167,-2.577500104904175,0.0,0.0,0.0,0.0,0.0,0.0,0.0,-5.164999961853027,-10.337500095367432,-10.34000015258789,-10.34000015258789,-10.34000015258789,-10.34000015258789,-10.34000015258789,-2.5850000381469727,0.0,0.0,0.0,0.0,-7.762500286102295,-10.352500200271606,-10.359999656677246,-10.359999656677246,-10.359999656677246,-10.369999885559082,-10.369999885559082,-10.380000114440918
-10.140000104904175,-10.15999984741211,-10.180000066757202,-10.19249963760376,-10.210000038146973,-10.222500085830688,-10.234999656677246,-10.247499942779541,-10.257500171661377,-10.267500400543213,-10.275000095367432,-10.279999732971191,-10.289999961853027,-10.292500019073486,-10.300000190734863,-10.302500247955322,-10.3100004196167,-10.3100004196167,-10.317499876022339,0.0,0.0,0.0,0.0,0.0,0.0,0.0,0.0,-2.5850000381469727,-10.34000015258789,-10.34000015258789,-10.34000015258789,-10.34000015258789,-10.34000015258789,-10.34000015258789,-7.757500171661377,0.0,0.0,0.0,0.0,-5.175000190734863,-10.355000019073486,-10.359999656677246,-10.359999656677246,-10.359999656677246,-10.369999885559082,-10.369999885559082,-10.380000114440918
