public/data/output/wave_data_x2.grib.json
{"header": { "dx": 0.0007986013986013759, "dy": 0.0007999999999999802, "la1": 22.2612, "lo1": 114.1902, "la2": 22.178, "lo2": 114.3044, "nx": 144, "ny": 105, "refTime": "2000-01-01 00:00:00", "parameterUnit": "m.s-1", "parameterCategory": 2, "parameterNumber": 3, "parameterNumberName": "northward" }, "data":
[rows 0 to 20 of 105, columns 92 to 137 of 144]
-0.040655000135302544,-0.03921000100672245,-0.03775750007480383,-0.036382499150931835,-0.03514249995350838,-0.03397250035777688,-0.03295499971136451,-0.03204499976709485,-0.031107499729841948,-0.030097499955445528,-0.02902999985963106,-0.027869999408721924,-0.02660250011831522,-0.0252150003798306,-0.023719999939203262,-0.022154999896883965,-0.020585000049322844,-0.019115000031888485,-0.01783750019967556,-0.016769999638199806,-0.015870000468567014,-0.015067500295117497,-0.014330000150948763,-0.01363250007852912,-0.012962500099092722,-0.012314999708905816,-0.011715499917045236,-0.011162999784573913,-0.010644750203937292,-0.010169750079512596,-0.009727250086143613,-0.00931350002065301,-0.00892499997280538,-0.008543250034563243,-0.008177249925211072,-0.007822750019840896,-0.007479499909095466,-0.007150499965064228,-0.006827750010415912,-0.006514249951578677,-0.006206250051036477,-0.0033692499855533242,0.0,0.0,0.0,0.0
-0.06541249994188547,-0.06289499998092651,-0.060344998724758625,-0.05787249933928251,-0.05554499849677086,-0.05335249938070774,-0.05134500004351139,-0.04941499978303909,-0.04753500036895275,-0.045655000023543835,-0.043737499974668026,-0.041777499951422215,-0.03975499980151653,-0.03769250027835369,-0.0356049994006753,-0.03350500063970685,-0.0314325001090765,-0.029482500161975622,-0.027720000129193068,-0.02618749998509884,-0.024840000085532665,-0.023622499778866768,-0.02247999981045723,-0.021397500298917294,-0.02035999996587634,-0.019372500013560057,-0.01843750011175871,-0.017564999870955944,-0.016762500163167715,-0.016014999942854047,-0.015319999773055315,-0.014667500043287873,-0.01405249978415668,-0.013457500142976642,-0.012884999858215451,-0.01233000005595386,-0.011787499999627471,-0.011262500192970037,-0.010748750064522028,-0.010252249892801046,-0.009765499737113714,-0.009283249964937568,-0.008809500141069293,-0.008345500100404024,-0.006119500030763447,-0.004054500022903085
-0.0911175012588501,-0.08722000010311604,-0.08330750092864037,-0.07951500080525875,-0.07591499947011471,-0.0725100003182888,-0.06931749917566776,-0.06629250012338161,-0.06339499913156033,-0.06058749835938215,-0.05781500041484833,-0.0550700007006526,-0.05236500035971403,-0.049697499722242355,-0.047085000202059746,-0.044519999995827675,-0.04203000012785196,-0.03966500051319599,-0.037482500076293945,-0.03551749978214502,-0.03374250000342727,-0.03210249962285161,-0.030560000333935022,-0.029102499596774578,-0.027707500383257866,-0.026380000170320272,-0.02512749982997775,-0.0239550000987947,-0.02286250051110983,-0.02184750000014901,-0.020899999886751175,-0.020012499764561653,-0.019164999946951866,-0.01835499983280897,-0.017570000141859055,-0.01682000025175512,-0.016089999582618475,-0.015382499666884542,-0.01468249992467463,-0.014002499869093299,-0.013335000025108457,-0.012679999927058816,-0.01203749980777502,-0.011402500094845891,-0.010777000105008483,-0.010153499897569418
-0.11794999986886978,-0.11222499795258045,-0.10662500001490116,-0.10132750123739243,-0.09628750011324883,-0.0915450006723404,-0.08712499961256981,-0.08298000134527683,-0.07906750217080116,-0.07533499971032143,-0.07173999957740307,-0.06824999861419201,-0.06488499976694584,-0.06163250096142292,-0.058497500605881214,-0.05547249969094992,-0.05255750007927418,-0.04978500120341778,-0.04718750063329935,-0.04479500092566013,-0.04258500039577484,-0.04051750060170889,-0.038567500188946724,-0.036720000207424164,-0.0349700003862381,-0.03331249998882413,-0.03176250075921416,-0.030297499150037766,-0.028929999563843012,-0.02764999959617853,-0.026449999772012234,-0.025320000015199184,-0.024247500114142895,-0.02322250045835972,-0.02223249990493059,-0.021282500121742487,-0.020362500101327896,-0.019469999708235264,-0.018599999602884054,-0.00840499997138977,-0.008004999719560146,-0.016077499836683273,-0.015259999781847,-0.014459999976679683,-0.013667500112205744,-0.01288249995559454
-0.14580000191926956,-0.1378750018775463,-0.13032499887049198,-0.12325000204145908,-0.11662499979138374,-0.11050000041723251,-0.10477500036358833,-0.09950000233948231,-0.09455999918282032,-0.08991499990224838,-0.08550749905407429,-0.08131000027060509,-0.07730499841272831,-0.07348000071942806,-0.06983750127255917,-0.06633500009775162,-0.06300250068306923,-0.059812501072883606,-0.056802500039339066,-0.053970000706613064,-0.05132499989122152,-0.04882750101387501,-0.046469999477267265,-0.04424250032752752,-0.04213999956846237,-0.040167500264942646,-0.03831750061362982,-0.0365775004029274,-0.0349349994212389,-0.03339749947190285,-0.031952500343322754,-0.030587500426918268,-0.029292500112205744,-0.02805249998345971,-0.02686249976977706,-0.025722499936819077,-0.012442499864846468,-0.005567499902099371,-0.005442500114440918,0.0,-0.005264999810606241,-0.01944500021636486,-0.018467499874532223,-0.017500000074505806,-0.016542499884963036,-0.015589999966323376
-0.17457500100135803,-0.16404999792575836,-0.1543000005185604,-0.14522499963641167,-0.13692499697208405,-0.12922500260174274,-0.12222499772906303,-0.11577499844133854,-0.10982499830424786,-0.10425749979913235,-0.09905249811708927,-0.09417250007390976,-0.0895374994724989,-0.08514750003814697,-0.08099249750375748,-0.07703999802470207,-0.07327000051736832,-0.06966499984264374,-0.06622999906539917,-0.06297499872744083,-0.059892499819397926,-0.05698749981820583,-0.054242500104010105,-0.0516550000756979,-0.0492125004529953,-0.04693000018596649,-0.04478500038385391,-0.04277000017464161,-0.04086500033736229,-0.03907500021159649,-0.03738999925553799,-0.035799999721348286,-0.03428999986499548,-0.0328399995341897,-0.02339250035583973,-0.014512500260025263,0.0,0.0,0.0,0.0,-0.011832499876618385,-0.02279499964788556,-0.0216474998742342,-0.020520000252872705,-0.019399999640882015,-0.018287499900907278
-0.20390000194311142,-0.19054999947547913,-0.1782749965786934,-0.1670749969780445,-0.1569250002503395,-0.14764999970793724,-0.13929999992251396,-0.13167500123381615,-0.12467499822378159,-0.11825000122189522,-0.11229999922215939,-0.10672499984502792,-0.10149750113487244,-0.09657249972224236,-0.09192249923944473,-0.08751250058412552,-0.08329750038683414,-0.07926749810576439,-0.0754150003194809,-0.07174500077962875,-0.06825999915599823,-0.06496250070631504,-0.06185249984264374,-0.058920000679790974,-0.05616999976336956,-0.0535850003361702,-0.05115249939262867,-0.04886000044643879,-0.04669750016182661,-0.044662500731647015,-0.04274500161409378,-0.04093499947339296,-0.039215000346302986,-0.03757249936461449,0.0,0.0,0.0,0.0,0.0,0.0,0.0,-0.012645000126212835,-0.018325000070035458,-0.023517500143498182,-0.022237500175833702,-0.02097249962389469
-0.2335749976336956,-0.2170250006020069,-0.2021000012755394,-0.18857499584555626,-0.17647499963641167,-0.1656000018119812,-0.15582500025629997,-0.14707499742507935,-0.13910000026226044,-0.13182499632239342,-0.12512499652802944,-0.1189499981701374,-0.11312500014901161,-0.10772499814629555,-0.10258499905467033,-0.09770499914884567,-0.09307000041007996,-0.08861500024795532,-0.08434749767184258,-0.08027249947190285,-0.07640000060200691,-0.07273999974131584,-0.06928749941289425,-0.0660375002771616,-0.0629874998703599,-0.06011749990284443,-0.05740499962121248,-0.05484500154852867,-0.05243000015616417,-0.05015499982982874,-0.04801249969750643,-0.04599499888718128,-0.022269999608397484,0.0,0.0,0.0,0.0,0.0,0.0,0.0,0.0,0.0,-0.013784999959170818,-0.02649000007659197,-0.025055000092834234,-0.023630000185221434
-0.2631250023841858,-0.2431499995291233,-0.22532499954104424,-0.209500003606081,-0.19542500376701355,-0.18290000036358833,-0.1717749945819378,-0.16187500208616257,-0.1529500000178814,-0.14487500116229057,-0.13747499510645866,-0.1306999996304512,-0.1243749987334013,-0.1184499990195036,-0.11287499964237213,-0.10757499933242798,-0.10252250172197819,-0.09765499830245972,-0.09298750013113022,-0.08853749930858612,-0.08430499956011772,-0.08030499890446663,-0.07653499953448772,-0.07299249991774559,-0.06965249963104725,-0.06649750098586082,-0.06352499965578318,-0.04534499906003475,-0.04302750062197447,-0.055547500029206276,-0.05319250002503395,-0.0509674996137619,0.0,0.0,0.0,0.0,0.0,0.0,0.0,0.0,0.0,0.0,0.0,-0.029430000577121973,-0.027842500247061253,-0.026259999722242355
-0.2918750047683716,-0.2683500051498413,-0.24762500077486038,-0.22945000231266022,-0.21347500011324883,-0.19940000027418137,-0.18697500228881836,-0.17594999819993973,-0.16614999622106552,-0.15732499584555626,-0.1493000015616417,-0.14195000380277634,-0.13512500002980232,-0.12877500243484974,-0.12274999916553497,-0.11704999953508377,-0.1115499995648861,-0.10632500052452087,-0.10131499916315079,-0.09650750085711479,-0.09195749834179878,-0.08764750137925148,-0.08358249999582767,-0.07975250110030174,-0.05692500062286854,-0.03559750132262707,-0.051954999566078186,-0.03251250088214874,0.0,-0.02976249996572733,-0.02850500028580427,-0.013805000111460686,0.0,0.0,0.0,0.0,0.0,0.0,0.0,0.0,0.0,-0.035867500118911266,-0.034095000475645065,-0.03234250005334616,-0.030599999707192183,-0.02886749990284443
-0.3193250000476837,-0.29212499409914017,-0.26852498948574066,-0.24812499806284904,-0.23034999892115593,-0.2148749977350235,-0.20122500136494637,-0.18925000354647636,-0.17862500250339508,-0.16910000145435333,-0.16049999743700027,-0.15262500196695328,-0.14532500132918358,-0.13854999840259552,-0.13212500140070915,-0.1260250024497509,-0.12022499926388264,-0.11464999988675117,-0.10927499830722809,-0.10417499952018261,-0.09932000190019608,-0.0947399977594614,-0.09039999917149544,-0.08630499988794327,-0.020452499389648438,0.0,-0.05663000047206879,-0.017857499420642853,0.0,0.0,0.0,0.0,0.0,0.0,0.0,0.0,0.0,0.0,0.0,0.0,0.0,-0.03904250077903271,-0.037117499858140945,-0.035219999961555004,-0.03333249967545271,-0.03145250026136637
-0.34460000693798065,-0.3138750046491623,-0.2877250015735626,-0.26524999737739563,-0.2459000051021576,-0.22914999723434448,-0.2145250029861927,-0.20167500153183937,-0.19027500227093697,-0.18012500181794167,-0.170949999243021,-0.16257499903440475,-0.15485000237822533,-0.14765000343322754,-0.14092500135302544,-0.13450000062584877,-0.12840000167489052,-0.12252500094473362,-0.11687500029802322,-0.11150000244379044,-0.10642499849200249,-0.10155749879777431,-0.09697750024497509,-0.046847499907016754,0.0,0.0,0.0,0.0,-0.0557474996894598,-0.053780000656843185,0.0,0.0,0.0,0.0,0.0,0.0,0.0,0.0,0.0,0.0,0.0,-0.03130749985575676,-0.040112500078976154,-0.03806750010699034,-0.03604000061750412,-0.034017499536275864
-0.3665749952197075,-0.3329000025987625,-0.3046000003814697,-0.28050000220537186,-0.25987499952316284,-0.2420249991118908,-0.22652500122785568,-0.21297500282526016,-0.20100000128149986,-0.19032499939203262,-0.18062499910593033,-0.17182500287890434,-0.16372499987483025,-0.15617499873042107,-0.14909999817609787,-0.14242500066757202,-0.13610000163316727,-0.12997500225901604,-0.12409999780356884,-0.11849999986588955,-0.11317500099539757,-0.10812499932944775,-0.07739999890327454,0.0,0.0,0.0,0.0,-0.02079249918460846,-0.07926749996840954,-0.07596000097692013,-0.018695000559091568,0.0,0.0,0.0,0.0,0.0,0.0,0.0,0.0,0.0,0.0,-0.02235499955713749,-0.04306249972432852,-0.040880000218749046,-0.03871249966323376,-0.03655249997973442
-0.38419999182224274,-0.34857499599456787,-0.31872499734163284,-0.2934499904513359,-0.2718750014901161,-0.25327499955892563,-0.23714999854564667,-0.22305000200867653,-0.21062500402331352,-0.1994750015437603,-0.1894500032067299,-0.18029999732971191,-0.17190000042319298,-0.16410000249743462,-0.1568250022828579,-0.1499750018119812,-0.1433749981224537,-0.13704999908804893,-0.13100000098347664,-0.1252250000834465,-0.11967500112950802,-0.1144499983638525,0.0,0.0,0.0,0.0,0.0,-0.06538750045001507,-0.08423499949276447,-0.08074500039219856,-0.07745000161230564,-0.019052499905228615,0.0,0.0,0.0,0.0,0.0,0.0,0.0,0.0,0.0,-0.011745000258088112,-0.034152500331401825,-0.0436599999666214,-0.04135749954730272,-0.03905999939888716
-0.39697499573230743,-0.3603749945759773,-0.3297000005841255,-0.30377500504255295,-0.28164999186992645,-0.2625750005245209,-0.24607500061392784,-0.231649998575449,-0.21890000253915787,-0.20754999667406082,-0.1973000019788742,-0.18802500143647194,-0.17945000156760216,-0.17147499695420265,-0.16405000537633896,-0.15702500566840172,-0.15029999986290932,-0.14385000243782997,-0.1376499980688095,-0.13175000250339508,-0.12604999914765358,-0.03009999915957451,0.0,0.0,0.0,0.0,0.0,-0.045967500656843185,-0.08905749954283237,-0.08540249802172184,-0.08194499835371971,-0.07867749966681004,0.0,0.0,0.0,0.0,0.0,0.0,0.0,0.0,0.0,0.0,0.0,-0.01128000020980835,-0.04396500065922737,-0.04153999965637922
-0.404899999499321,-0.3681749925017357,-0.33742499351501465,-0.3113499954342842,-0.2890999987721443,-0.2699500024318695,-0.2533250004053116,-0.23880000039935112,-0.22597500309348106,-0.21454999595880508,-0.20430000126361847,-0.1948999986052513,-0.18630000203847885,-0.17830000072717667,-0.17077500000596046,-0.1636499986052513,-0.15685000270605087,-0.15040000155568123,-0.1441500000655651,-0.13807500153779984,-0.13222499936819077,-0.06392499804496765,0.0,0.0,0.0,0.0,0.0,0.0,-0.09373250044882298,-0.08991250023245811,-0.08631500042974949,-0.08290250040590763,-0.060189999639987946,0.0,0.0,0.0,0.0,0.0,0.0,0.0,0.0,0.0,0.0,-0.024232500232756138,-0.04655249882489443,-0.043995000422000885
-0.40815000236034393,-0.37210000306367874,-0.3418000042438507,-0.31619999557733536,-0.29430000483989716,-0.27539999783039093,-0.25897499173879623,-0.2446499988436699,-0.2319750003516674,-0.22065000236034393,-0.21045000106096268,-0.20112499967217445,-0.19254999980330467,-0.1845250017940998,-0.17695000022649765,-0.16972500085830688,-0.16294999793171883,-0.15655000135302544,-0.15027499943971634,-0.1439249999821186,-0.13774999976158142,-0.06664999946951866,0.0,0.0,0.0,0.0,0.0,0.0,-0.07314999960362911,-0.09428500011563301,-0.0905500017106533,-0.08701750077307224,-0.0836424995213747,-0.060737499967217445,0.0,0.0,0.0,0.0,0.0,0.0,0.0,0.0,0.0,-0.025557500310242176,-0.049104999750852585,-0.046419999562203884
-0.40712499618530273,-0.37229999899864197,-0.3431499972939491,-0.31847500801086426,-0.2973500117659569,-0.2790749967098236,-0.26317499577999115,-0.24917500466108322,-0.23682500049471855,-0.22577499970793724,-0.21572500094771385,-0.2065499946475029,-0.19804999977350235,-0.19007499888539314,-0.18254999816417694,-0.17532499507069588,-0.16862500086426735,-0.16212499886751175,-0.15562500059604645,-0.14919999986886978,-0.1428999975323677,-0.0692249983549118,0.0,0.0,0.0,0.0,0.0,0.0,-0.02512500062584877,-0.09853249788284302,-0.09467000141739845,-0.09101499989628792,-0.08753250166773796,-0.08417749963700771,-0.04086500033736229,0.0,0.0,0.0,0.0,0.0,0.0,-0.03039999958127737,-0.028965000063180923,-0.040812499821186066,-0.05162750091403723,-0.04881749954074621
-0.4017749950289726,-0.3689749911427498,-0.3416749984025955,-0.318450003862381,-0.29842500388622284,-0.28109999746084213,-0.26592499762773514,-0.25254999101161957,-0.24067499861121178,-0.22995000332593918,-0.22017499804496765,-0.2112249992787838,-0.20287499949336052,-0.1950250007212162,-0.1875999979674816,-0.1805499978363514,-0.17395000159740448,-0.16722499951720238,-0.1604749970138073,-0.1540749967098236,-0.14795000106096268,-0.07175000011920929,0.0,0.0,0.0,0.0,0.0,0.0,0.0,-0.10262499935925007,-0.09866500087082386,-0.09491249918937683,-0.0913274995982647,-0.08786750212311745,-0.08451749943196774,-0.0207349993288517,0.0,0.0,0.0,0.0,0.0,-0.06291750073432922,-0.059972500428557396,-0.057037499733269215,-0.0541150001809001,-0.05119500122964382
-0.3918999955058098,-0.3624249994754791,-0.33755000680685043,-0.3162750080227852,-0.29775000363588333,-0.2816249951720238,-0.267425000667572,-0.2547999992966652,-0.24352500215172768,-0.23332500085234642,-0.22394999861717224,-0.21527500078082085,-0.20715000107884407,-0.19947499781847,-0.1921749971807003,-0.18540000170469284,-0.17887499928474426,-0.1719749979674816,-0.16522500291466713,-0.1588749997317791,-0.15279999747872353,-0.03680000081658363,0.0,0.0,0.0,0.0,0.0,0.0,0.0,-0.05277499929070473,-0.10254999995231628,-0.09871000051498413,-0.09502249956130981,-0.09146999940276146,-0.08802749961614609,-0.08467750065028667,-0.020762499421834946,0.0,0.0,0.0,0.0,-0.04891999997198582,-0.06265749875456095,-0.059620000422000885,-0.05658250022679567,-0.053542500361800194
-0.3785249963402748,-0.35327500104904175,-0.3314250037074089,-0.31242500245571136,-0.29569999873638153,-0.2809250056743622,-0.2677999958395958,-0.25607500970363617,-0.24549999833106995,-0.2358499988913536,-0.22692499682307243,-0.21857500076293945,-0.2107749991118908,-0.2033500000834465,-0.19637500122189522,-0.18987499922513962,-0.18342499807476997,-0.17647499963641167,-0.16985000297427177,-0.16357500106096268,-0.1574999988079071,0.0,0.0,0.0,0.0,0.0,0.0,0.0,0.0,-0.027124999091029167,-0.10632500052452087,-0.10237500071525574,-0.09864499978721142,-0.09499500133097172,-0.09146000072360039,-0.08802000060677528,-0.06390499882400036,0.0,0.0,0.0,0.0,-0.03384000062942505,-0.06531500071287155,-0.06216749921441078,-0.059022500179708004,-0.055862500332295895
