public/data/output/wave_data_x1.grib.json
{"header": { "dx": 0.00040000000000001184, "dy": 0.0003999999999999857, "la1": 22.2614, "lo1": 114.19, "la2": 22.1778, "lo2": 114.3044, "nx": 287, "ny": 210, "refTime": "2000-01-01 00:00:00", "parameterUnit": "m.s-1", "parameterCategory": 2, "parameterNumber": 2, "parameterNumberName": "eastward" }, "data":
[rows 105 to 125 of 210, columns 192 to 239 of 287]
-10.09000015258789,-10.109999656677246,-10.130000114440918,-10.149999618530273,-10.170000076293945,-10.1899995803833,-10.199999809265137,-10.220000267028809,-10.229999542236328,-10.239999771118164,-10.260000228881836,-10.270000457763672,-10.279999732971191,-10.289999961853027,-10.289999961853027,-10.300000190734863,-10.3100004196167,-10.319999694824219,-10.319999694824219,-10.329999923706055,-10.329999923706055,-10.34000015258789,-10.34000015258789,-10.34000015258789,-10.350000381469727,-10.350000381469727,-10.350000381469727,-10.359999656677246,-10.359999656677246,-10.359999656677246,-10.359999656677246,-10.369999885559082,-10.369999885559082,-10.369999885559082,-10.369999885559082,-10.369999885559082,-10.369999885559082,-10.369999885559082,-10.369999885559082,-10.369999885559082,-10.369999885559082,-10.369999885559082,-10.369999885559082,-10.369999885559082,-10.369999885559082,-10.369999885559082,-10.369999885559082,-10.369999885559082
-10.09000015258789,-10.109999656677246,-10.130000114440918,-10.149999618530273,-10.170000076293945,-10.1899995803833,-10.199999809265137,-10.220000267028809,-10.229999542236328,-10.239999771118164,-10.260000228881836,-10.270000457763672,-10.279999732971191,-10.289999961853027,-10.289999961853027,-10.300000190734863,-10.3100004196167,-10.319999694824219,-10.319999694824219,-10.329999923706055,-10.329999923706055,-10.34000015258789,-10.34000015258789,-10.34000015258789,-10.350000381469727,-10.350000381469727,-10.350000381469727,-10.359999656677246,-10.359999656677246,-10.359999656677246,-10.359999656677246,-10.369999885559082,-10.369999885559082,-10.369999885559082,-10.369999885559082,-10.369999885559082,-10.369999885559082,-10.369999885559082,-10.369999885559082,-10.369999885559082,-10.369999885559082,-10.380000114440918,-10.380000114440918,-10.380000114440918,-10.380000114440918,-10.380000114440918,-10.380000114440918,-10.380000114440918
-10.09000015258789,-10.109999656677246,-10.130000114440918,-10.149999618530273,-10.170000076293945,-10.1899995803833,-10.199999809265137,-10.220000267028809,-10.229999542236328,-10.25,-10.260000228881836,-10.270000457763672,-10.279999732971191,-10.289999961853027,-10.300000190734863,-10.300000190734863,-10.3100004196167,-10.319999694824219,-10.319999694824219,-10.329999923706055,-10.329999923706055,-10.34000015258789,-10.34000015258789,-10.350000381469727,-10.350000381469727,-10.350000381469727,-10.359999656677246,-10.359999656677246,-10.359999656677246,-10.359999656677246,-10.369999885559082,-10.369999885559082,-10.369999885559082,-10.369999885559082,-10.369999885559082,-10.369999885559082,-10.369999885559082,-10.369999885559082,-10.380000114440918,-10.380000114440918,-10.380000114440918,-10.380000114440918,-10.380000114440918,-10.380000114440918,-10.380000114440918,-10.380000114440918,-10.380000114440918,-10.380000114440918
-10.09000015258789,-10.109999656677246,-10.130000114440918,-10.149999618530273,-10.170000076293945,-10.1899995803833,-10.199999809265137,-10.220000267028809,-10.229999542236328,-10.25,-10.260000228881836,-10.270000457763672,-10.279999732971191,-10.289999961853027,-10.300000190734863,-10.3100004196167,-10.3100004196167,-10.319999694824219,-10.319999694824219,-10.329999923706055,-10.34000015258789,-10.34000015258789,-10.34000015258789,-10.350000381469727,-10.350000381469727,-10.350000381469727,-10.359999656677246,-10.359999656677246,-10.359999656677246,-10.369999885559082,-10.369999885559082,-10.369999885559082,-10.369999885559082,-10.369999885559082,-10.369999885559082,-10.369999885559082,-10.380000114440918,-10.380000114440918,-10.380000114440918,-10.380000114440918,-10.380000114440918,-10.380000114440918,-10.380000114440918,-10.380000114440918,-10.380000114440918,-10.380000114440918,-10.380000114440918,-10.380000114440918
-10.079999923706055,-10.109999656677246,-10.130000114440918,-10.149999618530273,-10.170000076293945,-10.1899995803833,-10.210000038146973,-10.220000267028809,-10.229999542236328,-10.25,-10.260000228881836,-10.270000457763672,-10.279999732971191,-10.289999961853027,-10.300000190734863,-10.3100004196167,-10.3100004196167,-10.319999694824219,-10.329999923706055,-10.329999923706055,-10.34000015258789,-10.34000015258789,-10.350000381469727,-10.350000381469727,-10.350000381469727,-10.359999656677246,-10.359999656677246,-10.359999656677246,-10.359999656677246,-10.369999885559082,-10.369999885559082,-10.369999885559082,-10.369999885559082,-10.369999885559082,-10.369999885559082,-10.380000114440918,-10.380000114440918,-10.380000114440918,-10.380000114440918,-10.380000114440918,-10.380000114440918,-10.380000114440918,-10.380000114440918,-10.380000114440918,-10.380000114440918,-10.380000114440918,-10.380000114440918,-10.380000114440918
-10.09000015258789,-10.109999656677246,-10.130000114440918,-10.149999618530273,-10.170000076293945,-10.1899995803833,-10.210000038146973,-10.220000267028809,-10.239999771118164,-10.25,-10.260000228881836,-10.270000457763672,-10.279999732971191,-10.289999961853027,-10.300000190734863,-10.3100004196167,-10.319999694824219,-10.319999694824219,-10.329999923706055,-10.329999923706055,-10.34000015258789,-10.34000015258789,-10.350000381469727,-10.350000381469727,-10.350000381469727,-10.359999656677246,-10.359999656677246,-10.359999656677246,-10.369999885559082,-10.369999885559082,-10.369999885559082,-10.369999885559082,-10.369999885559082,-10.380000114440918,-10.380000114440918,-10.380000114440918,-10.380000114440918,-10.380000114440918,-10.380000114440918,-10.380000114440918,-10.380000114440918,-10.380000114440918,-10.380000114440918,-10.380000114440918,-10.380000114440918,-10.380000114440918,-10.380000114440918,-10.380000114440918
-10.09000015258789,-10.109999656677246,-10.130000114440918,-10.149999618530273,-10.170000076293945,-10.1899995803833,-10.210000038146973,-10.220000267028809,-10.239999771118164,-10.25,-10.260000228881836,-10.270000457763672,-10.279999732971191,-10.289999961853027,-10.300000190734863,-10.3100004196167,-10.319999694824219,-10.319999694824219,-10.329999923706055,-10.34000015258789,-10.34000015258789,-10.350000381469727,-10.350000381469727,-10.350000381469727,-10.359999656677246,-10.359999656677246,-10.359999656677246,-10.369999885559082,-10.369999885559082,-10.369999885559082,-10.369999885559082,-10.369999885559082,-10.380000114440918,-10.380000114440918,-10.380000114440918,-10.380000114440918,-10.380000114440918,-10.380000114440918,-10.380000114440918,-10.380000114440918,-10.380000114440918,-10.380000114440918,-10.380000114440918,-10.380000114440918,-10.380000114440918,-10.380000114440918,-10.380000114440918,-10.380000114440918
-10.09000015258789,-10.109999656677246,-10.140000343322754,-10.15999984741211,-10.180000305175781,-10.1899995803833,-10.210000038146973,-10.229999542236328,-10.239999771118164,-10.25,-10.260000228881836,-10.279999732971191,-10.289999961853027,-10.300000190734863,-10.300000190734863,-10.3100004196167,-10.319999694824219,-10.329999923706055,-10.329999923706055,-10.34000015258789,-10.34000015258789,-10.350000381469727,-10.350000381469727,-10.359999656677246,-10.359999656677246,-10.359999656677246,-10.369999885559082,-10.369999885559082,-10.369999885559082,-10.369999885559082,-10.369999885559082,-10.380000114440918,-10.380000114440918,-10.380000114440918,-10.380000114440918,-10.380000114440918,-10.380000114440918,-10.380000114440918,-10.380000114440918,-10.380000114440918,-10.380000114440918,-10.380000114440918,-10.380000114440918,-10.380000114440918,-10.380000114440918,-10.380000114440918,-10.380000114440918,-10.380000114440918
-10.09000015258789,-10.119999885559082,-10.140000343322754,-10.15999984741211,-10.180000305175781,-10.199999809265137,-10.210000038146973,-10.229999542236328,-10.239999771118164,-10.260000228881836,-10.270000457763672,-10.279999732971191,-10.289999961853027,-10.300000190734863,-10.3100004196167,-10.319999694824219,-10.319999694824219,-10.329999923706055,-10.34000015258789,-10.34000015258789,-10.350000381469727,-10.350000381469727,-10.350000381469727,-10.359999656677246,-10.359999656677246,-10.359999656677246,-10.369999885559082,-10.369999885559082,-10.369999885559082,-10.369999885559082,-10.380000114440918,-10.380000114440918,-10.380000114440918,-10.380000114440918,-10.380000114440918,-10.380000114440918,-10.380000114440918,-10.380000114440918,-10.380000114440918,-10.380000114440918,-10.380000114440918,-10.380000114440918,-10.380000114440918,-10.380000114440918,-10.380000114440918,-10.380000114440918,-10.380000114440918,-10.380000114440918
-10.100000381469727,-10.119999885559082,-10.140000343322754,-10.15999984741211,-10.180000305175781,-10.199999809265137,-10.220000267028809,-10.229999542236328,-10.25,-10.260000228881836,-10.270000457763672,-10.279999732971191,-10.289999961853027,-10.300000190734863,-10.3100004196167,-10.319999694824219,-10.329999923706055,-10.329999923706055,-10.34000015258789,-10.34000015258789,-10.350000381469727,-10.350000381469727,-10.359999656677246,-10.359999656677246,-10.359999656677246,-10.369999885559082,-10.369999885559082,-10.369999885559082,-10.369999885559082,-10.380000114440918,-10.380000114440918,-10.380000114440918,-10.380000114440918,-10.380000114440918,-10.380000114440918,-10.380000114440918,-10.380000114440918,-10.380000114440918,-10.380000114440918,-10.390000343322754,-10.390000343322754,-10.390000343322754,-10.390000343322754,-10.380000114440918,-10.380000114440918,-10.380000114440918,-10.380000114440918,-10.380000114440918
-10.100000381469727,-10.119999885559082,-10.149999618530273,-10.170000076293945,-10.1899995803833,-10.199999809265137,-10.220000267028809,-10.239999771118164,-10.25,-10.260000228881836,-10.279999732971191,-10.289999961853027,-10.300000190734863,-10.3100004196167,-10.3100004196167,-10.319999694824219,-10.329999923706055,-10.34000015258789,-10.34000015258789,-10.350000381469727,-10.350000381469727,-10.359999656677246,-10.359999656677246,-10.359999656677246,-10.369999885559082,-10.369999885559082,-10.369999885559082,-10.369999885559082,-10.380000114440918,-10.380000114440918,-10.380000114440918,-10.380000114440918,-10.380000114440918,-10.380000114440918,-10.380000114440918,-10.390000343322754,-10.390000343322754,-10.390000343322754,-10.390000343322754,-10.390000343322754,-10.390000343322754,-10.390000343322754,-10.390000343322754,-10.390000343322754,-10.390000343322754,-10.390000343322754,-10.380000114440918,-10.380000114440918
-10.100000381469727,-10.130000114440918,-10.149999618530273,-10.170000076293945,-10.1899995803833,-10.210000038146973,-10.229999542236328,-10.239999771118164,-10.260000228881836,-10.270000457763672,-10.279999732971191,-10.289999961853027,-10.300000190734863,-10.3100004196167,-10.319999694824219,-10.329999923706055,-10.329999923706055,-10.34000015258789,-10.350000381469727,-10.350000381469727,-10.350000381469727,-10.359999656677246,-10.359999656677246,-10.369999885559082,-10.369999885559082,-10.369999885559082,-10.369999885559082,-10.380000114440918,-10.380000114440918,-10.380000114440918,-10.380000114440918,-10.380000114440918,-10.380000114440918,-10.390000343322754,-10.390000343322754,-10.390000343322754,-10.390000343322754,-10.390000343322754,-10.390000343322754,-10.390000343322754,-10.390000343322754,-10.390000343322754,-10.390000343322754,-10.390000343322754,-10.390000343322754,-10.390000343322754,-10.390000343322754,-10.390000343322754
-10.109999656677246,-10.130000114440918,-10.15999984741211,-10.180000305175781,-10.199999809265137,-10.210000038146973,-10.229999542236328,-10.25,-10.260000228881836,-10.270000457763672,-10.279999732971191,-10.289999961853027,-10.300000190734863,-10.3100004196167,-10.319999694824219,-10.329999923706055,-10.34000015258789,-10.34000015258789,-10.350000381469727,-10.350000381469727,-10.359999656677246,-10.359999656677246,-10.369999885559082,-10.369999885559082,-10.369999885559082,-10.369999885559082,-10.380000114440918,-10.380000114440918,-10.380000114440918,-10.380000114440918,-10.380000114440918,-10.380000114440918,-10.390000343322754,-10.390000343322754,-10.390000343322754,-10.390000343322754,-10.390000343322754,-10.390000343322754,-10.390000343322754,-10.390000343322754,-10.390000343322754,-10.390000343322754,-10.390000343322754,-10.390000343322754,-10.390000343322754,-10.390000343322754,-10.390000343322754,-10.390000343322754
-10.119999885559082,-10.140000343322754,-10.15999984741211,-10.180000305175781,-10.199999809265137,-10.220000267028809,-10.239999771118164,-10.25,-10.260000228881836,-10.279999732971191,-10.289999961853027,-10.300000190734863,-10.3100004196167,-10.319999694824219,-10.329999923706055,-10.329999923706055,-10.34000015258789,-10.350000381469727,-10.350000381469727,-10.359999656677246,-10.359999656677246,-10.369999885559082,-10.369999885559082,-10.369999885559082,-10.369999885559082,-10.380000114440918,-10.380000114440918,-10.380000114440918,-10.380000114440918,-10.380000114440918,-10.390000343322754,-10.390000343322754,-10.390000343322754,-10.390000343322754,-10.390000343322754,-10.390000343322754,-10.390000343322754,-10.390000343322754,-10.390000343322754,-10.390000343322754,-10.390000343322754,-10.390000343322754,-10.390000343322754,-10.390000343322754,-10.390000343322754,-10.390000343322754,-10.390000343322754,-10.390000343322754
-10.119999885559082,-10.149999618530273,-10.170000076293945,-10.1899995803833,-10.210000038146973,-10.229999542236328,-10.239999771118164,-10.260000228881836,-10.270000457763672,-10.279999732971191,-10.289999961853027,-10.300000190734863,-10.3100004196167,-10.319999694824219,-10.329999923706055,-10.34000015258789,-10.34000015258789,-10.350000381469727,-10.359999656677246,-10.359999656677246,-10.369999885559082,-10.369999885559082,-10.369999885559082,-10.369999885559082,-10.380000114440918,-10.380000114440918,-10.380000114440918,-10.380000114440918,-10.380000114440918,-10.390000343322754,-10.390000343322754,-10.390000343322754,-10.390000343322754,-10.390000343322754,-10.390000343322754,-10.390000343322754,-10.390000343322754,-10.390000343322754,-10.390000343322754,-10.390000343322754,-10.390000343322754,-10.390000343322754,-10.390000343322754,-10.390000343322754,-10.390000343322754,-10.390000343322754,-10.390000343322754,-10.390000343322754
-10.130000114440918,-10.149999618530273,-10.170000076293945,-10.199999809265137,-10.210000038146973,-10.229999542236328,-10.25,-10.260000228881836,-10.270000457763672,-10.289999961853027,-10.300000190734863,-10.3100004196167,-10.319999694824219,-10.329999923706055,-10.34000015258789,-10.34000015258789,-10.350000381469727,-10.350000381469727,-10.359999656677246,-10.359999656677246,-10.369999885559082,-10.369999885559082,-10.380000114440918,-10.380000114440918,-10.380000114440918,-10.380000114440918,-10.380000114440918,-10.380000114440918,-10.390000343322754,-10.390000343322754,-10.390000343322754,-10.390000343322754,-10.390000343322754,-10.390000343322754,-10.390000343322754,-10.390000343322754,-10.390000343322754,-10.390000343322754,-10.390000343322754,-10.390000343322754,-10.390000343322754,-10.390000343322754,-10.390000343322754,-10.390000343322754,-10.390000343322754,-10.390000343322754,-10.390000343322754,-10.390000343322754
-10.140000343322754,-10.15999984741211,-10.180000305175781,-10.199999809265137,-10.220000267028809,-10.239999771118164,-10.25,-10.270000457763672,-10.279999732971191,-10.289999961853027,-10.300000190734863,-10.3100004196167,-10.319999694824219,-10.329999923706055,-10.34000015258789,-10.350000381469727,-10.350000381469727,-10.359999656677246,-10.359999656677246,-10.369999885559082,-10.369999885559082,-10.380000114440918,-10.380000114440918,-10.380000114440918,-10.380000114440918,-10.380000114440918,-10.390000343322754,-10.390000343322754,-10.390000343322754,-10.390000343322754,-10.390000343322754,-10.390000343322754,-10.390000343322754,-10.390000343322754,-10.399999618530273,-10.399999618530273,-10.399999618530273,-10.399999618530273,-10.399999618530273,-10.399999618530273,-10.399999618530273,-10.399999618530273,-10.390000343322754,-10.390000343322754,-10.390000343322754,-10.390000343322754,-10.390000343322754,-10.390000343322754
-10.140000343322754,-10.170000076293945,-10.1899995803833,-10.210000038146973,-10.229999542236328,-10.239999771118164,-10.260000228881836,-10.270000457763672,-10.289999961853027,-10.300000190734863,-10.3100004196167,-10.319999694824219,-10.329999923706055,-10.34000015258789,-10.350000381469727,-10.350000381469727,-10.359999656677246,-10.359999656677246,-10.369999885559082,-10.369999885559082,-10.380000114440918,-10.380000114440918,-10.380000114440918,-10.380000114440918,-10.390000343322754,-10.390000343322754,-10.390000343322754,-10.390000343322754,-10.390000343322754,-10.390000343322754,-10.390000343322754,-10.390000343322754,-10.399999618530273,-10.399999618530273,-10.399999618530273,-10.399999618530273,-10.399999618530273,-10.399999618530273,-10.399999618530273,-10.399999618530273,-10.399999618530273,-10.399999618530273,-10.399999618530273,-10.399999618530273,-10.399999618530273,-10.390000343322754,-10.390000343322754,-10.390000343322754
-10.149999618530273,-10.180000305175781,-10.199999809265137,-10.220000267028809,-10.229999542236328,-10.25,-10.270000457763672,-10.279999732971191,-10.289999961853027,-10.300000190734863,-10.319999694824219,-10.329999923706055,-10.329999923706055,-10.34000015258789,-10.350000381469727,-10.359999656677246,-10.359999656677246,-10.369999885559082,-10.369999885559082,-10.380000114440918,-10.380000114440918,-10.380000114440918,-10.390000343322754,-10.390000343322754,-10.390000343322754,-10.390000343322754,-10.390000343322754,-10.390000343322754,-10.390000343322754,-10.390000343322754,-10.399999618530273,-10.399999618530273,-10.399999618530273,-10.399999618530273,-10.399999618530273,-10.399999618530273,-10.399999618530273,-10.399999618530273,-10.399999618530273,-10.399999618530273,-10.399999618530273,-10.399999618530273,-10.399999618530273,-10.399999618530273,-10.399999618530273,-10.399999618530273,-10.399999618530273,-10.399999618530273
-10.15999984741211,-10.1899995803833,-10.210000038146973,-10.229999542236328,-10.239999771118164,-10.260000228881836,-10.270000457763672,-10.289999961853027,-10.300000190734863,-10.3100004196167,-10.319999694824219,-10.329999923706055,-10.34000015258789,-10.350000381469727,-10.359999656677246,-10.359999656677246,-10.369999885559082,-10.369999885559082,-10.380000114440918,-10.380000114440918,-10.380000114440918,-10.390000343322754,-10.390000343322754,-10.390000343322754,-10.390000343322754,-10.390000343322754,-10.390000343322754,-10.390000343322754,-10.399999618530273,-10.399999618530273,-10.399999618530273,-10.399999618530273,-10.399999618530273,-10.399999618530273,-10.399999618530273,-10.399999618530273,-10.399999618530273,-10.399999618530273,-10.399999618530273,-10.399999618530273,-10.399999618530273,-10.399999618530273,-10.399999618530273,-10.399999618530273,-10.399999618530273,-10.399999618530273,-10.399999618530273,-10.399999618530273
-10.170000076293945,-10.199999809265137,-10.220000267028809,-10.229999542236328,-10.25,-10.270000457763672,-10.279999732971191,-10.300000190734863,-10.3100004196167,-10.319999694824219,-10.329999923706055,-10.34000015258789,-10.350000381469727,-10.359999656677246,-10.359999656677246,-10.369999885559082,-10.380000114440918,-10.380000114440918,-10.380000114440918,-10.390000343322754,-10.390000343322754,-10.390000343322754,-10.390000343322754,-10.390000343322754,-10.390000343322754,-10.399999618530273,-10.399999618530273,-10.399999618530273,-10.399999618530273,-10.399999618530273,-10.399999618530273,-10.399999618530273,-10.399999618530273,-10.399999618530273,-10.399999618530273,-10.399999618530273,-10.399999618530273,-10.399999618530273,-10.399999618530273,-10.399999618530273,-10.399999618530273,-10.399999618530273,-10.399999618530273,-10.399999618530273,-10.399999618530273,-10.399999618530273,-10.399999618530273,-10.399999618530273
