public/data/output/wave_data_x4.grib.json
{"header": { "dx": 0.0015971830985915298, "dy": 0.0015923076923078756, "la1": 22.261200000000002, "lo1": 114.19059999999999, "la2": 22.178399999999993, "lo2": 114.30399999999999, "nx": 72, "ny": 53, "refTime": "2000-01-01 00:00:00", "parameterUnit": "m.s-1", "parameterCategory": 2, "parameterNumber": 2, "parameterNumberName": "eastward" }, "data":
[rows 20 to 39 of 53, columns 0 to 43 of 72]
-5.306687533855438,-4.532249957323074,-3.507749989628792,-2.31131249666214,-1.928493745625019,-0.12707500159740448,0.0,0.0,0.0,0.0,0.0,0.0,0.0,0.0,0.0,0.0,0.0,0.0,0.0,-0.6260625123977661,-3.2796249985694885,-3.591874986886978,-3.0639375150244126,-1.7595625072717667,-1.3744312562048435,-1.2540062498301268,-0.3935856318566948,0.40700262680184096,0.4130662555135672,0.0,0.0,0.0,0.0,0.0,0.0,0.0,0.0,0.0,0.0,0.0,0.0,-0.3893125057220459,-1.374112494289875,-3.290875017642975
-6.1777500212192535,-6.278562486171722,-5.973624974489212,-4.206312492489815,-0.18978837309987284,0.0,0.0,0.0,0.0,0.0,0.0,0.0,0.0,0.0,0.0,0.0,0.0,0.0,-2.251843746751547,-3.8339374661445618,-3.901875004172325,-3.9601249992847443,-4.108062505722046,-3.8463125079870224,-3.363500013947487,-2.8375000208616257,-2.094687506556511,-1.116862503811717,-0.8773625176399946,0.0,0.0,0.0,0.0,0.0,0.0,0.0,0.0,0.0,-5.536437511444092,-7.311250023543835,-5.650007447809912,-4.884374976158142,-8.020249962806702,-7.973374962806702
-3.8149375170469284,-3.8196249678730965,-3.643124997615814,-2.9687225085217506,-0.8597568757249974,0.0,0.0,0.0,0.0,0.0,0.0,0.0,0.0,0.0,0.0,0.0,0.0,-0.9930000156164169,-3.8084375113248825,-4.331250011920929,-4.672500014305115,-4.734562575817108,-4.623937517404556,-4.229249984025955,-3.793749988079071,-3.571562483906746,-3.4198750108480453,-2.4244375079870224,-2.8445437476038933,-0.4819999933242798,0.0,0.0,0.0,0.0,0.0,0.0,0.0,0.0,-3.192499965429306,-6.591499984264374,-6.652812480926514,-4.300875015557172,-3.968812495470047,-7.203812479972839
-2.2478124871850014,-1.1515000090003014,-0.2154631174635142,1.3886312283575535,1.760187491774559,0.0,0.0,0.0,0.0,0.0,0.0,0.0,0.0,0.0,0.0,0.0,-2.4133749902248383,-4.905562520027161,-5.8964375257492065,-6.377499997615814,-6.65149998664856,-6.709625005722046,-6.601562529802322,-6.2543750405311584,-5.57775005698204,-4.591062515974045,-3.3333750516176224,-2.2278062477707863,-0.6720118909142911,-0.2685000002384186,0.0,0.0,0.0,0.0,0.0,0.0,0.0,0.0,-0.7551250159740448,-5.928187519311905,-6.608937501907349,-6.313562549650669,-5.486624926329693,-7.024062544107437
-4.296875,-3.4224375188350677,-2.2454374954104677,-0.33368749916646995,0.0,0.0,0.0,0.0,0.0,0.0,0.0,0.0,0.0,0.0,0.0,0.0,-4.514562398195267,-6.551124930381775,-7.261312514543533,-7.247312515974045,-7.202750027179718,-7.240937530994415,-7.365187466144562,-7.519312500953674,-7.593624979257584,-7.386312514543533,-6.0300000458955765,-3.9495625346899033,-1.3323750151321292,0.0,0.0,0.0,0.0,0.0,0.0,0.0,0.0,0.0,0.0,-1.0678749978542328,-6.047250002622604,-6.862562507390976,-7.338500022888184,-7.542687505483627
-5.363375008106232,-4.974312514066696,-4.332562521100044,-3.49037501216133,-1.6211324925534427,-0.36581251025611267,0.0,0.0,0.0,0.0,0.0,0.0,0.0,0.0,0.0,0.0,-2.346374988555908,-5.049062505364418,-5.149312511086464,-4.9966874569654465,-5.102687507867813,-5.411249965429306,-5.799750000238419,-6.21812504529953,-6.630062520503998,-6.983000010251999,-6.554999977350235,-5.751375049352646,-3.9314999878409824,0.0,0.0,0.0,0.0,0.0,0.0,0.0,0.0,0.0,0.0,0.0,-3.603812485933304,-6.2833124697208405,-6.961812406778336,-7.365875005722046
-6.0766874849796295,-5.9045625030994415,-5.706750005483627,-5.457437455654144,-4.554562479257584,-3.4729999601840973,-1.2735000206157565,0.00741874985396862,0.0,0.0,0.0,0.0,0.0,0.0,0.0,-2.203000023961067,-3.901625007390976,-4.82387501001358,-4.827812492847443,-4.307750016450882,-3.733062520623207,-3.3168124854564667,-3.271687477827072,-3.6724374890327454,-4.320874989032745,-4.851812496781349,-4.753187492489815,-4.456062540411949,-4.5764375030994415,-3.494812473654747,0.0,0.0,0.0,0.0,0.0,0.0,0.0,0.0,0.0,0.0,-1.3952500224113464,-5.605937480926514,-6.640812486410141,-7.216749966144562
-7.621562480926514,-7.577562510967255,-7.514812499284744,-7.346687495708466,-5.748312473297119,-5.065937519073486,-3.5254999548196793,-0.8328499980270863,0.0,0.0,0.0,0.0,-0.4599062465131283,-0.7669827524950961,0.0,0.0,-1.8229374885559082,-4.355000019073486,-5.0271249413490295,-4.583687484264374,-4.137312516570091,-3.8031874895095825,-4.231437504291534,-3.713187500834465,-3.1186874732375145,-2.6512499898672104,-2.2096624672412872,-2.1432312466204166,-2.1319687515497208,-1.5402812249958515,-0.33272749511525035,0.09915562625974417,0.12630875036120415,0.0,0.0,0.0,0.0,0.0,0.0,0.0,-0.4306875020265579,-4.913687542080879,-6.348625004291534,-7.0651875436306
-8.052000045776367,-7.994374930858612,-7.834062457084656,-7.556875020265579,-5.940562546253204,-5.456125050783157,-3.316437542438507,-1.30587500333786,0.0,0.0,0.0,-3.2506874799728394,-5.106874942779541,-4.755000032484531,-0.6416874825954437,0.0,0.0,-0.7725000083446503,-2.467000037431717,-4.417875051498413,-5.096375107765198,-4.8849374651908875,-5.639624983072281,-5.364687472581863,-4.941250056028366,-4.3395000249147415,-3.105937495827675,-1.7135950080119073,-0.8413925000932068,-0.0294101276085712,0.7064687553793192,1.435506757494295,1.009131258353591,0.0,0.0,0.0,0.0,0.0,0.0,0.0,0.0,-4.613375023007393,-6.231624990701675,-7.026374965906143
-8.079624891281128,-8.035250037908554,-7.724624961614609,-7.0134375393390656,-4.40974996984005,-0.2759999930858612,0.0,0.0,0.0,0.0,-1.987874984741211,-5.6079374849796295,-5.702000021934509,-5.172999948263168,-2.7382500171661377,-0.1041875034570694,0.0,0.0,0.0,0.0,-3.747624933719635,-5.515624910593033,-6.60781255364418,-6.470249980688095,-6.117750018835068,-5.596187442541122,-4.470375016331673,-3.263187497854233,-2.579562522470951,-2.0320625081658363,-1.634131245315075,-1.251962499693036,-0.5240299995057994,0.0,0.0,0.0,0.0,0.0,0.0,0.0,0.0,-4.65725003182888,-6.262874931097031,-7.025999993085861
-6.176312476396561,-5.807249993085861,-5.128812566399574,-3.9913124963641167,-1.2223749794065952,0.0,0.0,0.0,0.0,0.0,-2.1973749697208405,-5.202937483787537,-5.063874959945679,-4.49043744802475,-3.2212499901652336,-0.531331252772361,0.0,0.0,0.0,0.0,-2.3453750014305115,-5.83656245470047,-7.181187570095062,-7.16887503862381,-6.980999976396561,-6.630374997854233,-5.994499951601028,-5.109624996781349,-4.169000014662743,-3.2294375002384186,-3.205000028014183,-3.4147500097751617,-2.8170562498271465,0.0,0.0,0.0,0.0,0.0,0.0,0.0,0.0,-4.739937469363213,-6.552499979734421,-7.2121875286102295
-4.01400001347065,-3.3759999722242355,-1.888512521982193,-0.08505000825971365,0.30711875669658184,0.0,-0.2459374964237213,-3.7786874920129776,-5.043874979019165,-4.456999987363815,-5.562124997377396,-5.194937467575073,-4.985500007867813,-4.755499973893166,-4.527375012636185,-1.5453812684863806,0.0,0.0,0.0,-2.59256249666214,-5.202625006437302,-6.38312503695488,-7.857437461614609,-7.914562404155731,-7.82718750834465,-7.634374976158142,-7.286437511444092,-6.714374989271164,-5.848812520503998,-4.563062533736229,-2.9791875034570694,-2.1987937539815903,-2.206417515873909,-0.1430812496695461,0.0,0.0,0.0,0.0,0.0,0.0,-0.6568749845027924,-6.369499951601028,-6.187624931335449,-7.297875016927719
-6.979687541723251,-7.049312472343445,-6.916124999523163,-6.045250028371811,-3.93503749743104,-2.5349062718451023,-4.054749995470047,-5.787937521934509,-5.985937476158142,-5.942687481641769,-5.675125032663345,-5.3723124563694,-5.0320000648498535,-4.566937550902367,-0.8290624916553497,0.0,0.0,0.0,0.0,-4.954125016927719,-6.397937476634979,-6.825687527656555,-8.462375044822693,-8.64612501859665,-8.676187634468079,-8.604687631130219,-8.419437557458878,-8.092500030994415,-7.580124914646149,-6.7515625059604645,-5.260000005364418,-2.378575000911951,-0.13308750465512276,0.0,0.0,0.0,0.0,0.0,0.0,0.0,0.0,0.0,0.0,-6.370000004768372
-6.968062490224838,-6.962687462568283,-7.096625000238419,-7.244812548160553,-6.8109999895095825,-6.8941249549388885,-6.641187489032745,-6.4051249623298645,-6.319937467575073,-6.119437515735626,-5.58831250667572,-4.791437521576881,-3.7169999852776527,-1.5394249875098467,0.0,0.0,0.0,0.0,-5.50906240940094,-6.252749979496002,-6.583125025033951,-6.958937466144562,-8.693187534809113,-8.978500127792358,-9.154249906539917,-9.265812516212463,-9.296437442302704,-9.236937463283539,-9.062062501907349,-8.685812592506409,-7.8488749563694,-5.097125008702278,-1.4971250146681145,0.0,0.0,0.0,0.0,0.0,0.0,0.0,0.0,0.0,0.0,-0.9693750143051147
-7.714500069618225,-7.629749983549118,-7.5298124849796295,-7.413000047206879,-7.264625012874603,-6.996624976396561,-6.530312478542328,-5.964374989271164,-5.474625051021576,-4.866000011563301,-3.6855625212192535,-1.908418767619878,0.06809686217457056,0.6293487381190062,0.0,0.0,0.0,0.0,-2.2138125002384186,-5.738562524318695,-3.032750010498555,-6.3940624594688416,-8.495562553405762,-8.800500094890594,-9.040437519550323,-9.26874989271164,-9.474312543869019,-9.640874922275543,-9.754625082015991,-9.795750081539154,-9.618812561035156,-7.609562456607819,-6.934812545776367,-4.87365625053755,-3.335874974735337,-1.8940000236034393,-2.050499945879112,-2.9002499878406525,-3.5476875007152557,-1.234518762677908,0.0,-4.335687518119812,-3.7265000343322754,-1.0443750321865082
-7.74062505364418,-7.822250038385391,-7.86868754029274,-7.850812554359436,-7.730999976396561,-7.452874958515167,-6.94650000333786,-6.20856249332428,-5.362500011920929,-4.475812569260597,-3.4335624873638153,-1.6917374795302749,1.1914468810427934,1.7411875128746033,0.0,0.0,0.0,0.0,-0.648687481880188,-5.004562497138977,-6.28993758559227,-6.733437538146973,-8.429999887943268,-8.684749841690063,-8.841187357902527,-8.98449993133545,-9.14487498998642,-9.339687585830688,-9.568250060081482,-9.807562470436096,-9.928875148296356,-8.29043734073639,-8.289312481880188,-8.339874923229218,-8.498937398195267,-8.966374933719635,-8.716937482357025,-8.538000047206879,-8.27912500500679,-8.279312551021576,-5.896187514066696,-6.7483125030994415,-4.887312525886031,-0.5341874957084656
-7.244624972343445,-7.282562494277954,-7.323624968528748,-7.3376249969005585,-7.290312469005585,-7.128000050783157,-6.7848750948905945,-6.245500028133392,-5.652125000953674,-4.9491250067949295,-3.8456874638795853,-2.156350005418062,0.4769712491543032,1.1809374913573265,0.0,0.0,0.0,0.0,0.0,-3.3544999957084656,-5.906000047922134,-6.598125010728836,-8.40631252527237,-8.78306257724762,-9.02337509393692,-9.202937483787537,-9.339812517166138,-9.44599997997284,-9.537499904632568,-9.629499971866608,-9.657874882221222,-8.055250108242035,-8.042499989271164,-8.249187588691711,-8.444374918937683,-8.577125072479248,-8.487000107765198,-8.187250047922134,-7.765750020742416,-7.27256253361702,-6.661125063896179,-6.186499923467636,-5.849562466144562,-4.739812493336223
-7.040187507867813,-6.920812487602234,-6.799687445163727,-6.67493748664856,-6.5261250436306,-6.317437499761581,-6.013187527656555,-5.621874988079071,-5.166499972343445,-4.530812546610832,-3.439500018954277,-1.513825018890202,1.1468187579885125,1.186124987900257,0.0,0.0,0.0,0.0,0.0,-0.5128750056028366,-4.931687504053116,-6.3089375495910645,-8.197312533855438,-8.72362506389618,-9.048500001430511,-9.29512494802475,-9.498687446117401,-9.678437411785126,-9.844437599182129,-10.002375066280365,-10.162999987602234,-10.371249973773956,-10.54437506198883,-10.698750138282776,-10.818124949932098,-10.87562495470047,-10.871249973773956,-10.8299999833107,-10.78187495470047,-10.754374980926514,-10.746249973773956,-10.736875057220459,-10.744375169277191,-10.76312506198883
-7.1205624639987946,-7.027312487363815,-6.92062509059906,-6.793812543153763,-6.63318744301796,-6.421624928712845,-6.149062514305115,-5.808750033378601,-5.345249980688095,-4.609000027179718,-3.382687494158745,-1.4556162524968386,0.9816962494514883,0.4397500157356262,0.0,0.0,0.0,0.0,0.0,0.0,-1.1581874936819077,-5.7053124606609344,-7.9630624651908875,-8.651874959468842,-9.044687330722809,-9.32037502527237,-9.536375045776367,-9.722312450408936,-9.894374966621399,-10.063562512397766,-10.238750219345093,-10.42249995470047,-10.599375009536743,-10.764999985694885,-10.899999976158142,-10.991874992847443,-11.043125092983246,-11.049375057220459,-11.01312506198883,-10.958749890327454,-10.900000035762787,-10.854375004768372,-10.814375042915344,-10.769999980926514
-7.711749970912933,-7.673249959945679,-7.631937474012375,-7.580250054597855,-7.503812491893768,-7.39418751001358,-7.2401250302791595,-7.019437521696091,-6.7046250104904175,-6.226437509059906,-5.419562518596649,-4.012999981641769,-1.6950187627226114,-0.0858250018209219,0.0,0.0,0.0,0.0,0.0,0.0,0.0,-4.577937483787537,-7.7877499759197235,-8.63887494802475,-9.075812578201294,-9.362124860286713,-9.578750014305115,-9.760312497615814,-9.924312591552734,-10.080000162124634,-10.237500190734863,-10.39062488079071,-10.539375007152557,-10.67499989271164,-10.785625040531158,-10.870000004768372,-10.931874930858612,-10.958750009536743,-10.948749959468842,-10.921874940395355,-10.894374966621399,-10.861875057220459,-10.823750019073486,-10.786250054836273
